17
47
67
83
86
87
89
92
101
120
122
137
146
150
156
158
184
185
205
210
236
237
240
241
265
276
287
328
334
337
346
348
349
350
358
370
372
427
429
447
452
470
474
481
488
500
517
519
528
539
540
542
553
561
564
597
611
623
626
637
666
681
686
688
713
717
721
728
763
766
770
779
793
794
802
807
819
821
846
867
871
895
899
906
913
915
918
925
938
942
955
956
965
983
1005
1013
1017
1029
1032
1047
1059
1077
1078
1095
1099
1129
1162
1199
1202
1217
1218
1230
1232
1236
1242
1264
1266
1268
1275
1293
1299
1312
1318
1354
1358
1373
1383
1394
1401
1407
1427
1431
1433
1436
1451
1453
1459
1465
1487
1522
1535
1551
1565
1588
1602
1621
1625
1628
1663
1664
1688
1761
1775
1780
1782
1788
1802
1808
1811
1824
1836
1846
1860
1916
1917
1937
1946
1948
1949
1966
1986
2000
2005
2017
2022
2043
2046
2057
2063
2066
2067
2074
2084
2096
2120
2140
2152
2180
2184
2195
2217
2218
2220
2241
2242
2248
2263
2264
2286
2289
2291
2295
2310
2323
2325
2328
2334
2347
2351
2358
2363
2366
2380
2418
2449
2464
2494
2498
2505
2534
2538
2558
2600
2628
2630
2638
2654
2662
2674
2684
2701
2710
2736
2739
2741
2762
2764
2773
2776
2777
2785
2796
2831
2854
2860
2872
2875
2892
2897
2908
2911
2932
2963
2969
2974
2985
2988
2990
2995
2998
3000
3005
3011
3029
3031
3032
3037
3049
3051
3056
3067
3069
3070
3093
3095
3118
3133
3136
3137
3141
3156
3162
3170
3187
3204
3227
3241
3271
3289
3299
3301
3304
3306
3314
3316
3353
3380
3382
3387
3416
3417
3430
3459
3465
3468
3474
3481
3483
3495
3510
3513
3521
3533
3573
3577
3597
3623
3632
3639
3642
3644
3645
3652
3657
3659
3661
3667
3675
3693
3699
3722
3725
3753
3758
3762
3804
3812
3814
3822
3826
3830
3832
3835
3882
3889
3898
3900
3911
3912
3923
3933
3946
3956
3957
3977
3995
4036
4045
4048
4057
4062
4089
4091
4093
4106
4117
4120
4134
4136
4143
4145
4161
4164
4181
4183
4216
4227
4242
4243
4248
4251
4268
4283
4298
4312
4313
4329
4331
4335
4359
4361
4398
4400
4421
4426
4427
4436
4441
4449
4469
4473
4478
4489
4491
4492
4495
4516
4524
4535
4550
4558
4562
4569
4600
4603
4610
4614
4624
4629
4632
4633
4639
4643
4656
4664
4696
4698
4699
4700
4726
4727
4733
4766
4788
4791
4813
4816
4818
4830
4865
4885
4898
4907
4931
4946
4947
4955
4962
4968
4985
5011
5023
5035
5037
5046
5047
5053
5081
5088
5092
5103
5133
5148
5149
5150
5155
5159
5162
5180
5189
5209
5213
5255
5279
5290
5300
5301
5323
5329
5341
5349
5373
5377
5383
5384
5388
5397
5398
5399
5416
5423
5449
5454
5456
5468
5478
5482
5485
5495
5505
5514
5519
5520
5536
5539
5572
5586
5587
5594
5599
5621
5628
5633
5649
5656
5662
5665
5674
5681
5690
5695
5702
5720
5735
5739
5760
5766
5804
5810
5815
5820
5837
5857
5859
5863
5865
5867
5871
5886
5915
5928
5938
5940
5958
5962
5969
5975
6027
6047
6049
6073
6074
6075
6083
6088
6091
6093
6122
6142
6171
6172
6203
6206
6210
6217
6224
6227
6244
6251
6255
6258
6284
6286
6306
6327
6372
6397
6410
6411
6446
6451
6464
6465
6468
6481
6482
6486
6487
6500
6507
6512
6521
6534
6538
6541
6548
6569
6575
6592
6605
6636
6640
6641
6652
6656
6663
6666
6668
6705
6711
6727
6728
6747
6788
6794
6799
6803
6807
6817
6828
6840
6851
6853
6877
6879
6897
6902
6904
6936
6942
6958
6968
6971
6972
6977
6992
6994
6995
7002
7041
7056
7059
7063
7066
7090
7095
7102
7109
7118
7128
7132
7135
7136
7149
7156
7170
7192
7194
7257
7270
7339
7350
7352
7394
7409
7417
7420
7423
7428
7437
7446
7465
7469
7470
7480
7489
7505
7520
7528
7529
7535
7542
7544
7562
7565
7576
7585
7603
7619
7620
7633
7642
7684
7696
7698
7707
7726
7732
7733
7734
7737
7777
7778
7794
7798
7813
7830
7833
7854
7858
7888
7900
7921
7922
7928
7934
7941
7958
7960
7968
7975
7984
7986
8005
8014
8024
8027
8028
8032
8040
8068
8088
8104
8110
8115
8160
8166
8171
8178
8180
8198
8215
8222
8239
8250
8257
8264
8275
8282
8292
8302
8306
8313
8320
8339
8342
8349
8353
8367
8402
8409
8415
8416
8423
8425
8427
8441
8443
8454
8457
8476
8480
8482
8494
8497
8507
8522
8554
8558
8562
8565
8566
8571
8572
8578
8613
8639
8658
8690
8696
8698
8711
8733
8767
8786
8789
8810
8818
8831
8835
8842
8859
8863
8873
8875
8882
8886
8888
8913
8918
8943
8947
8952
8960
8967
8968
8973
8978
8985
8986
8988
9008
9010
9017
9033
9083
9091
9107
9115
9120
9136
9139
9146
9148
9151
9160
9168
9174
9185
9209
9219
9221
9227
9228
9245
9272
9280
9293
9315
9326
9361
9374
9390
9396
9405
9416
9436
9442
9456
9466
9478
9481
9490
9496
9504
9516
9520
9543
9562
9567
9597
9623
9665
9681
9696
9710
9713
9720
9723
9729
9745
9749
9769
9805
9806
9808
9815
9823
9828
9848
9849
9853
9855
9856
9858
9863
9866
9904
9910
9915
9924
9935
9944
9958
10001
10012
10027
10033
10064
10068
10078
10079
10081
10082
10087
10104
10108
10115
10136
10154
10167
10181
10195
10204
10208
10221
10237
10244
10258
10269
10274
10287
10300
10308
10311
10349
10352
10370
10374
10392
10408
10429
10431
10440
10455
10462
10464
10474
10479
10509
10559
10573
10578
10592
10623
10636
10642
10643
10646
10660
10670
10689
10690
10695
10702
10715
10728
10729
10738
10741
10749
10753
10756
10763
10772
10773
10793
10803
10812
10823
10828
10829
10830
10839
10840
10848
10849
10887
10902
10913
10941
10961
10968
10978
10996
11001
11002
11008
11034
11066
11070
11078
11092
11096
11113
11125
11165
11174
11176
11192
11209
11231
11247
11258
11278
11279
11281
11305
11328
11354
11397
11412
11450
11471
11476
11477
11483
11502
11521
11524
11539
11541
11569
11573
11604
11611
11620
11622
11626
11640
11669
11680
11686
11710
11720
11727
11759
11761
11766
11781
11796
11797
11805
11829
11866
11880
11892
11896
11925
11932
11942
11943
11950
11966
11981
11986
12014
12060
12069
12070
12085
12087
12108
12119
12133
12135
12136
12137
12154
12156
12164
12165
12175
12179
12183
12190
12191
12227
12232
12238
12242
12253
12259
12267
12269
12276
12282
12306
12307
12318
12321
12338
12358
12396
12400
12410
12415
12421
12425
12434
12468
12474
12480
12482
12483
12486
12493
12503
12529
12552
12570
12582
12591
12592
12593
12611
12620
12633
12641
12643
12645
12659
12663
12683
12690
12720
12723
12739
12759
12772
12774
12782
12786
12802
12804
12813
12815
12818
12819
12826
12829
12841
12859
12865
12868
12882
12884
12892
12905
12909
12929
12934
12942
12944
12956
12980
13004
13006
13011
13019
13025
13051
13085
13087
13118
13144
13160
13173
13181
13184
13188
13201
13212
13235
13245
13255
13256
13262
13263
13269
13274
13275
13288
13305
13322
13349
13351
13354
13361
13362
13364
13374
13379
13398
13404
13446
13454
13458
13473
13481
13502
13513
13548
13555
13591
13595
13602
13615
13616
13634
13636
13655
13657
13693
13707
13709
13713
13726
13734
13738
13744
13748
13750
13755
13762
13779
13781
13802
13827
13844
13868
13871
13880
13899
13911
13927
13953
13954
13988
13989
13999
14002
14013
14016
14017
14029
14032
14043
14056
14058
14060
14097
14112
14142
14160
14162
14163
14175
14176
14203
14207
14209
14218
14226
14240
14251
14257
14264
14270
14281
14282
14285
14308
14332
14334
14340
14352
14372
14387
14402
14407
14424
14457
14460
14472
14474
14497
14501
14505
14506
14509
14523
14528
14531
14537
14541
14555
14556
14587
14606
14609
14629
14633
14636
14655
14689
14709
14713
14763
14768
14778
14787
14790
14797
14802
14814
14830
14840
14855
14856
14883
14904
14906
14910
14911
14912
14931
14940
14957
14968
14975
14978
15004
15012
15023
15037
15060
15073
15084
15086
15094
15111
15126
15130
15141
15182
15190
15197
15199
15212
15213
15226
15227
15230
15238
15265
15279
15290
15292
15303
15313
15320
15324
15335
15351
15360
15367
15370
15392
15398
15403
15405
15417
15424
15429
15466
15472
15482
15487
15492
15500
15520
15521
15527
15533
15534
15548
15566
15569
15581
15582
15623
15645
15655
15665
15671
15724
15726
15748
15750
15763
15766
15775
15785
15799
15803
15830
15839
15846
15873
15878
15889
15901
15906
15909
15910
15911
15941
15952
15954
15958
15962
15976
15982
15985
15993
16008
16010
16016
16033
16036
16041
16065
16070
16092
16095
16099
16118
16122
16129
16143
16148
16155
16165
16173
16176
16205
16227
16235
16265
16298
16299
16304
16306
16309
16315
16335
16336
16347
16363
16387
16388
16404
16406
16412
16417
16424
16442
16454
16459
16489
16496
16509
16513
16527
16533
16537
16567
16568
16574
16580
16597
16617
16644
16645
16670
16691
16705
16712
16719
16770
16772
16776
16784
16791
16792
16796
16799
16804
16817
16818
16820
16832
16833
16850
16866
16872
16876
16880
16883
16887
16891
16895
16906
16920
16933
16938
16947
16949
16952
16954
16973
16981
16983
16986
16996
16999
17007
17025
17027
17034
17041
17046
17060
17080
17081
17090
17109
17110
17135
17162
17167
17181
17195
17208
17246
17251
17253
17271
17285
17290
17299
17304
17305
17342
17361
17362
17379
17393
17400
17403
17414
17424
17432
17437
17451
17452
17454
17460
17481
17482
17502
17534
17555
17562
17573
17575
17579
17611
17628
17643
17669
17681
17706
17712
17713
17726
17735
17745
17781
17785
17809
17813
17819
17838
17839
17844
17922
17935
17940
17944
17955
17969
17972
17974
17980
17981
17993
18010
18015
18031
18033
18065
18068
18078
18091
18096
18124
18134
18142
18163
18166
18180
18203
18204
18211
18233
18239
18240
18256
18260
18268
18274
18279
18280
18282
18298
18307
18339
18360
18391
18403
18409
18413
18420
18422
18426
18427
18431
18444
18453
18471
18475
18491
18503
18545
18554
18582
18595
18596
18607
18616
18624
18631
18632
18637
18646
18660
18671
18672
18674
18681
18686
18694
18697
18703
18750
18778
18780
18801
18837
18845
18849
18859
18863
18865
18874
18884
18887
18907
18921
18924
18931
18942
18945
18946
18951
18973
18974
18986
18994
19002
19025
19033
19039
19043
19052
19059
19063
19080
19106
19117
19120
19145
19146
19155
19160
19169
19182
19187
19192
19212
19217
19223
19229
19230
19257
19262
19275
19301
19340
19343
19351
19354
19356
19362
19366
19368
19375
19377
19381
19382
19415
19441
19452
19458
19461
19469
19490
19498
19508
19522
19529
19542
19593
19609
19616
19635
19687
19701
19708
19717
19721
19732
19733
19742
19751
19772
19773
19774
19786
19812
19819
19828
19832
19845
19847
19848
19864
19875
19887
19891
19904
19907
19916
19928
19952
19953
19971
19980
20014
20021
20038
20049
20056
20066
20080
20083
20116
20126
20152
20154
20160
20173
20176
20185
20190
20195
20214
20216
20263
20277
20284
20303
20304
20312
20325
20332
20367
20379
20388
20391
20414
20427
20437
20441
20465
20469
20471
20479
20485
20495
20505
20510
20536
20542
20549
20554
20574
20586
20594
20601
20612
20640
20647
20668
20673
20685
20689
20696
20708
20711
20712
20714
20717
20730
20735
20737
20766
20770
20775
20781
20793
20812
20832
20867
20871
20894
20899
20920
20937
20957
20963
20967
20973
20981
20990
20999
21021
21036
21040
21050
21057
21059
21060
21063
21069
21074
21075
21095
21102
21103
21107
21116
21133
21147
21150
21152
21158
21189
21191
21228
21239
21244
21250
21265
21275
21282
21289
21294
21295
21305
21307
21329
21341
21347
21360
21365
21380
21389
21390
21414
21417
21420
21421
21439
21454
21456
21481
21484
21487
21537
21543
21577
21583
21589
21600
21601
21604
21633
21637
21669
21682
21706
21711
21714
21755
21765
21766
21772
21783
21790
21796
21815
21838
21844
21871
21879
21889
21894
21909
21915
21936
21949
21955
21970
21986
21995
22001
22005
22007
22017
22022
22023
22025
22037
22052
22056
22060
22063
22066
22084
22096
22098
22102
22105
22111
22117
22126
22128
22143
22195
22199
22209
22226
22276
22278
22285
22291
22310
22313
22314
22333
22341
22350
22355
22384
22398
22400
22418
22440
22461
22464
22468
22494
22534
22541
22546
22549
22553
22581
22598
22605
22607
22627
22652
22660
22683
22689
22695
22706
22710
22717
22724
22736
22753
22754
22759
22761
22762
22763
22777
22782
22789
22796
22807
22818
22823
22828
22830
22846
22856
22860
22872
22873
22874
22882
22883
22889
22891
22893
22923
22933
22943
22957
22965
22977
22980
22984
22999
23009
23040
23068
23071
23091
23094
23095
23103
23110
23122
23123
23142
23149
23169
23203
23206
23218
23228
23241
23253
23258
23259
23272
23275
23276
23302
23305
23320
23355
23364
23366
23369
23401
23404
23435
23455
23479
23488
23499
23501
23507
23520
23529
23550
23583
23598
23612
23666
23678
23682
23694
23698
23710
23730
23736
23746
23748
23753
23757
23772
23774
23779
23804
23805
23817
23827
23830
23833
23843
23845
23855
23858
23864
23868
23871
23873
23882
23897
23899
23915
23942
23956
23971
23975
23989
23994
24010
24042
24043
24065
24091
24100
24106
24147
24148
24150
24156
24169
24195
24221
24233
24245
24252
24266
24272
24274
24275
24301
24307
24325
24345
24351
24373
24394
24403
24421
24465
24477
24503
24514
24526
24541
24549
24560
24594
24608
24611
24616
24627
24630
24658
24690
24715
24724
24742
24754
24766
24771
24782
24817
24831
24848
24849
24861
24862
24868
24909
24940
24951
24968
24996
25017
25029
25032
25113
25127
25138
25154
25174
25188
25218
25232
25264
25306
25316
25326
25343
25375
25376
25387
25391
25395
25416
25421
25424
25428
25457
25467
25473
25487
25510
25522
25540
25547
25555
25567
25576
25582
25585
25596
25599
25611
25620
25622
25634
25652
25654
25655
25662
25674
25677
25689
25706
25707
25710
25712
25725
25727
25732
25758
25778
25792
25796
25803
25804
25862
25865
25870
25874
25891
25893
25903
25907
25911
25929
25940
25946
25947
25963
25993
25994
26012
26043
26047
26051
26065
26088
26089
26093
26095
26137
26138
26151
26154
26157
26167
26179
26196
26199
26202
26208
26238
26318
26327
26335
26359
26362
26378
26383
26385
26386
26399
26411
26430
26432
26440
26452
26468
26469
26471
26476
26502
26508
26510
26516
26521
26523
26536
26541
26552
26557
26566
26570
26582
26585
26588
26593
26594
26631
26634
26654
26658
26684
26687
26693
26730
26738
26755
26759
26785
26809
26827
26829
26834
26836
26844
26852
26861
26890
26905
26922
26935
26937
26950
26953
26959
26963
26970
26978
26981
27018
27022
27031
27059
27064
27083
27109
27112
27116
27117
27141
27145
27164
27173
27174
27176
27178
27189
27192
27195
27197
27207
27217
27230
27239
27263
27271
27276
27290
27313
27341
27394
27399
27419
27442
27444
27445
27453
27465
27472
27482
27496
27512
27516
27540
27541
27542
27543
27553
27562
27569
27581
27616
27617
27621
27623
27624
27625
27638
27652
27709
27727
27730
27739
27750
27753
27758
27771
27783
27797
27812
27818
27821
27824
27834
27853
27875
27878
27888
27909
27917
27920
27945
27954
27973
27976
27982
27996
28003
28021
28030
28040
28056
28066
28122
28131
28161
28175
28185
28191
28197
28225
28229
28243
28249
28261
28269
28270
28280
28298
28301
28303
28321
28339
28348
28351
28402
28404
28417
28440
28448
28456
28464
28472
28503
28520
28522
28543
28557
28586
28587
28596
28598
28604
28618
28628
28637
28655
28658
28707
28710
28719
28724
28730
28763
28785
28791
28810
28816
28819
28820
28848
28852
28853
28870
28880
28888
28906
28913
28924
28930
28931
28934
28940
28942
28948
28949
28964
28966
28968
28971
28973
28980
28982
28992
29035
29047
29051
29076
29077
29080
29092
29099
29107
29108
29109
29112
29119
29127
29131
29140
29149
29162
29176
29178
29187
29211
29226
29229
29230
29270
29271
29290
29295
29309
29310
29311
29315
29316
29329
29340
29345
29348
29372
29392
29393
29411
29412
29414
29424
29435
29447
29458
29459
29485
29489
29501
29506
29507
29524
29533
29535
29551
29555
29569
29578
29580
29581
29594
29599
29622
29626
29629
29647
29648
29654
29658
29685
29695
29710
29723
29727
29746
29756
29759
29773
29775
29776
29780
29791
29796
29797
29837
29870
29879
29881
29884
29890
29896
29903
29907
29910
29923
29940
29947
29961
29977
29981
29986
30007
30011
30027
30031
30033
30040
30057
30062
30082
30092
30096
30098
30108
30115
30149
30161
30174
30187
30196
30200
30201
30202
30251
30261
30265
30270
30289
30291
30292
30300
30302
30308
30325
30347
30354
30355
30360
30366
30397
30407
30411
30419
30425
30441
30445
30450
30461
30464
30476
30477
30495
30512
30525
30530
30541
30545
30564
30567
30569
30579
30592
30595
30597
30601
30603
30605
30606
30614
30620
30631
30634
30635
30651
30652
30653
30667
30677
30685
30687
30697
30711
30740
30763
30764
30765
30784
30786
30802
30809
30816
30817
30820
30822
30831
30879
30881
30887
30899
30902
30915
30917
30942
30980
30995
31001
31012
31013
31016
31017
31020
31025
31032
31056
31084
31092
31101
31109
31110
31139
31147
31161
31162
31174
31181
31186
31194
31220
31221
31230
31242
31243
31246
31255
31258
31265
31267
31275
31285
31326
31337
31354
31375
31398
31410
31413
31416
31423
31457
31535
31538
31541
31551
31553
31557
31558
31565
31568
31570
31591
31606
31638
31651
31654
31655
31662
31668
31675
31681
31698
31728
31753
31770
31786
31789
31796
31825
31827
31849
31858
31876
31887
31889
31901
31919
31925
31931
31938
31951
31993
32002
32012
32026
32033
32044
32045
32048
32057
32062
32070
32074
32091
32094
32096
32104
32119
32129
32130
32137
32145
32164
32166
32168
32192
32201
32202
32211
32223
32243
32269
32276
32289
32295
32312
32328
32338
32343
32363
32370
32390
32401
32403
32408
32420
32425
32444
32453
32455
32471
32517
32521
32524
32541
32577
32594
32617
32618
32642
32650
32659
32661
32674
32689
32705
32710
32713
32737
32770
32823
32842
32857
32860
32872
32882
32883
32884
32905
32912
32915
32916
32918
32927
32929
32941
32953
32965
32968
32975
33005
33010
33027
33041
33048
33062
33070
33080
33088
33102
33112
33121
33125
33137
33139
33142
33153
33157
33158
33163
33172
33178
33200
33205
33208
33221
33242
33262
33278
33305
33313
33318
33333
33342
33345
33347
33352
33389
33430
33431
33435
33442
33443
33484
33488
33510
33523
33534
33545
33582
33584
33593
33600
33615
33616
33628
33631
33647
33648
33651
33658
33670
33671
33673
33703
33715
33729
33731
33738
33741
33766
33773
33776
33780
33784
33797
33805
33806
33810
33819
33822
33835
33836
33845
33860
33878
33892
33901
33906
33929
33932
33938
33942
34001
34008
34031
34033
34044
34050
34051
34076
34088
34095
34106
34111
34126
34135
34144
34150
34157
34159
34170
34174
34181
34191
34203
34204
34208
34214
34246
34256
34291
34353
34358
34366
34377
34382
34388
34389
34394
34396
34398
34401
34426
34430
34432
34437
34459
34463
34466
34467
34471
34472
34478
34493
34503
34511
34548
34549
34571
34588
34633
34645
34647
34660
34674
34680
34681
34709
34719
34720
34731
34742
34754
34769
34781
34786
34799
34804
34832
34840
34864
34876
34893
34906
34918
34922
34937
34941
34951
34967
34979
34980
35002
35012
35016
35020
35038
35044
35048
35056
35059
35061
35065
35079
35113
35120
35141
35152
35154
35160
35177
35179
35197
35199
35205
35206
35215
35225
35248
35253
35259
35300
35315
35331
35342
35352
35357
35368
35384
35392
35400
35408
35412
35414
35416
35422
35423
35425
35445
35464
35480
35484
35494
35505
35514
35522
35524
35529
35540
35550
35564
35566
35575
35608
35622
35632
35642
35645
35654
35658
35692
35707
35758
35759
35767
35777
35783
35787
35801
35804
35811
35815
35819
35835
35838
35842
35855
35857
35865
35869
35878
35889
35893
35931
35934
35950
35955
35962
35971
36016
36017
36034
36042
36063
36064
36071
36083
36103
36115
36125
36127
36135
36144
36148
36149
36224
36229
36230
36260
36268
36271
36280
36282
36322
36327
36330
36337
36342
36350
36353
36358
36377
36391
36393
36396
36401
36404
36415
36430
36457
36469
36475
36480
36481
36494
36525
36527
36533
36559
36565
36567
36568
36585
36589
36596
36598
36602
36618
36633
36637
36650
36659
36678
36687
36703
36705
36725
36735
36762
36763
36764
36780
36785
36813
36831
36845
36850
36895
36913
36923
36929
36937
36964
36966
36974
36975
36982
36987
36991
36993
37013
37014
37031
37037
37051
37067
37077
37085
37103
37109
37110
37115
37126
37127
37129
37148
37164
37178
37195
37222
37229
37238
37252
37259
37262
37268
37273
37281
37298
37311
37317
37338
37353
37368
37382
37386
37402
37418
37427
37452
37472
37502
37517
37545
37558
37564
37577
37593
37596
37607
37610
37612
37646
37651
37652
37654
37665
37687
37706
37714
37716
37725
37734
37745
37755
37771
37781
37791
37793
37810
37825
37826
37833
37843
37845
37864
37868
37874
37876
37892
37896
37930
37950
37956
37965
37974
37989
37996
38016
38036
38044
38046
38062
38071
38074
38099
38102
38105
38110
38119
38121
38128
38138
38163
38184
38188
38209
38212
38220
38238
38241
38242
38260
38279
38295
38301
38306
38315
38327
38337
38346
38347
38357
38360
38369
38371
38388
38399
38426
38427
38435
38437
38451
38472
38483
38484
38502
38508
38525
38533
38550
38552
38605
38631
38635
38641
38647
38655
38672
38674
38689
38690
38705
38721
38732
38741
38752
38771
38789
38793
38804
38812
38813
38825
38826
38837
38874
38895
38902
38919
38921
38947
38953
38978
38983
38988
38992
39011
39012
39015
39023
39057
39078
39089
39095
39109
39120
39161
39191
39240
39242
39252
39255
39257
39260
39283
39303
39305
39315
39319
39325
39349
39353
39364
39366
39383
39393
39404
39407
39429
39434
39445
39449
39459
39474
39484
39495
39497
39514
39516
39517
39526
39547
39568
39586
39597
39619
39622
39638
39653
39657
39658
39664
39666
39689
39705
39710
39737
39746
39753
39769
39772
39775
39781
39783
39799
39811
39812
39817
39843
39850
39865
39867
39872
39889
39915
39924
39930
39976
39983
39989
40015
40016
40022
40024
40034
40042
40055
40068
40087
40097
40104
40106
40120
40123
40140
40141
40142
40151
40153
40167
40180
40189
40196
40219
40232
40236
40238
40239
40240
40249
40254
40258
40266
40276
40290
40294
40295
40306
40314
40319
40323
40332
40335
40337
40359
40369
40386
40393
40401
40402
40403
40411
40418
40424
40449
40462
40481
40490
40500
40510
40537
40546
40558
40576
40586
40596
40610
40634
40635
40641
40643
40644
40645
40658
40676
40677
40702
40715
40721
40723
40724
40741
40762
40766
40773
40775
40778
40779
40787
40799
40813
40850
40852
40859
40918
40932
40941
40945
40946
40969
40982
41018
41019
41020
41025
41028
41064
41075
41085
41132
41143
41156
41158
41162
41173
41174
41188
41203
41210
41226
41227
41233
41241
41242
41262
41264
41279
41291
41317
41319
41349
41372
41375
41376
41378
41388
41396
41397
41401
41402
41405
41437
41438
41466
41469
41487
41494
41517
41535
41540
41542
41547
41580
41630
41634
41674
41675
41703
41713
41715
41720
41731
41734
41735
41737
41741
41744
41747
41807
41831
41833
41841
41853
41855
41893
41902
41922
41930
41933
41934
41945
41946
41949
41980
42001
42008
42019
42020
42023
42024
42047
42066
42069
42080
42098
42100
42112
42114
42138
42166
42177
42185
42207
42213
42230
42236
42257
42264
42273
42278
42282
42289
42303
42323
42341
42344
42345
42348
42356
42360
42366
42374
42395
42410
42419
42421
42433
42465
42476
42479
42493
42500
42507
42513
42518
42524
42541
42545
42562
42568
42571
42578
42579
42590
42605
42662
42675
42690
42695
42706
42727
42744
42745
42749
42756
42762
42767
42769
42786
42808
42825
42843
42852
42862
42865
42872
42884
42900
42908
42912
42916
42926
42937
42942
42945
42954
42967
42977
43001
43057
43074
43077
43091
43092
43100
43103
43105
43115
43123
43130
43139
43150
43163
43178
43184
43186
43221
43232
43233
43257
43258
43282
43297
43319
43326
43336
43339
43340
43341
43357
43374
43389
43418
43426
43430
43431
43440
43443
43446
43455
43473
43477
43481
43487
43498
43499
43529
43544
43549
43552
43554
43568
43572
43573
43582
43590
43600
43602
43606
43611
43634
43649
43665
43667
43680
43703
43712
43718
43719
43721
43728
43734
43742
43749
43756
43764
43789
43793
43806
43807
43815
43820
43821
43827
43829
43834
43861
43870
43886
43897
43907
43911
43915
43927
43943
43945
43949
43979
43983
44003
44004
44014
44030
44039
44048
44049
44069
44070
44117
44149
44176
44181
44184
44203
44208
44214
44221
44223
44234
44239
44247
44250
44268
44288
44289
44292
44294
44304
44307
44312
44321
44322
44382
44391
44392
44413
44448
44456
44477
44478
44481
44494
44510
44519
44527
44538
44540
44544
44546
44556
44560
44566
44572
44578
44585
44594
44600
44607
44614
44622
44638
44646
44664
44666
44669
44692
44696
44715
44728
44730
44734
44750
44764
44767
44774
44775
44778
44780
44781
44789
44791
44803
44809
44833
44836
44841
44851
44861
44866
44881
44883
44890
44893
44911
44918
44919
44926
44932
44938
44952
44955
44959
44969
44984
45004
45015
45016
45017
45031
45057
45063
45067
45070
45071
45085
45125
45127
45131
45139
45143
45149
45175
45194
45198
45199
45202
45213
45218
45219
45229
45230
45240
45254
45264
45283
45284
45291
45319
45324
45358
45391
45395
45440
45487
45488
45508
45518
45521
45531
45534
45547
45548
45563
45565
45586
45602
45616
45627
45634
45699
45702
45705
45709
45715
45720
45724
45727
45746
45750
45762
45763
45764
45767
45776
45819
45845
45857
45869
45879
45898
45908
45916
45918
45929
45936
45941
45943
45957
45963
45972
45976
45996
45998
45999
46001
46004
46006
46029
46034
46046
46048
46056
46060
46063
46074
46078
46082
46090
46098
46126
46135
46152
46154
46159
46166
46172
46180
46189
46198
46217
46234
46244
46251
46263
46264
46268
46284
46287
46291
46300
46345
46348
46360
46376
46403
46420
46434
46443
46445
46450
46455
46457
46466
46472
46480
46481
46487
46489
46504
46508
46516
46521
46525
46527
46528
46555
46559
46591
46610
46614
46634
46654
46673
46674
46703
46716
46725
46743
46761
46765
46767
46772
46773
46776
46777
46790
46791
46804
46835
46849
46855
46880
46891
46893
46894
46903
46904
46916
46920
46925
46933
46935
46942
46958
46996
47022
47031
47042
47053
47067
47073
47089
47090
47094
47117
47154
47161
47169
47174
47175
47189
47203
47211
47213
47217
47230
47239
47257
47265
47279
47290
47303
47306
47307
47309
47323
47329
47330
47333
47338
47343
47361
47383
47391
47425
47455
47459
47467
47469
47496
47500
47503
47504
47514
47523
47532
47540
47545
47546
47550
47555
47557
47561
47562
47579
47587
47600
47618
47622
47626
47628
47634
47652
47665
47715
47758
47767
47773
47786
47795
47798
47800
47823
47830
47842
47852
47860
47861
47863
47867
47870
47901
47907
47910
47925
47928
47929
47996
48008
48016
48025
48035
48044
48075
48083
48085
48086
48093
48099
48112
48116
48130
48134
48137
48138
48143
48147
48149
48160
48164
48171
48180
48187
48212
48241
48248
48257
48281
48291
48293
48305
48309
48310
48332
48343
48371
48372
48383
48386
48388
48406
48408
48411
48416
48427
48431
48451
48492
48493
48500
48533
48534
48548
48565
48578
48591
48602
48620
48633
48641
48652
48675
48677
48708
48715
48727
48734
48743
48765
48769
48772
48785
48796
48852
48854
48856
48857
48870
48871
48885
48914
48915
48932
48935
48937
48941
48948
48989
49008
49010
49019
49077
49121
49123
49139
49156
49171
49174
49191
49192
49200
49219
49241
49244
49251
49258
49274
49279
49285
49323
49345
49372
49373
49376
49378
49392
49396
49414
49430
49463
49490
49497
49503
49516
49524
49539
49542
49558
49562
49587
49589
49596
49616
49626
49634
49641
49650
49664
49681
49692
49696
49702
49705
49714
49718
49723
49726
49741
49743
49754
49768
49769
49794
49821
49830
49865
49869
49885
49892
49904
49906
49907
49909
49911
49945
49956
49958
49969
49970
49972
49993
49999
50001
50005
50008
50011
50017
50023
50054
50055
50065
50066
50084
50087
50088
50091
50102
50109
50120
50132
50171
50175
50180
50197
50222
50224
50235
50242
50246
50261
50277
50282
50284
50290
50307
50314
50318
50323
50360
50365
50368
50400
50440
50454
50455
50464
50486
50492
50500
50502
50523
50529
50544
50548
50580
50583
50595
50597
50605
50607
50621
50626
50627
50637
50638
50641
50648
50657
50659
50661
50683
50685
50690
50703
50710
50729
50749
50794
50798
50814
50817
50818
50820
50821
50825
50844
50863
50873
50884
50886
50898
50920
50923
50929
50951
50954
50963
50972
50994
51006
51014
51029
51051
51067
51083
51091
51093
51094
51111
51122
51133
51138
51158
51168
51171
51179
51182
51200
51202
51214
51223
51229
51242
51252
51268
51288
51291
51298
51321
51324
51346
51353
51358
51362
51374
51375
51384
51388
51408
51409
51419
51422
51426
51435
51438
51447
51453
51482
51503
51506
51511
51519
51524
51536
51542
51568
51586
51598
51606
51609
51618
51633
51637
51642
51650
51653
51666
51669
51682
51688
51699
51702
51708
51710
51714
51723
51732
51744
51748
51759
51766
51769
51786
51787
51792
51800
51810
51811
51813
51814
51831
51848
51867
51873
51874
51881
51883
51890
51894
51906
51911
51924
51942
51962
51985
51991
52066
52067
52082
52087
52093
52096
52100
52127
52130
52132
52146
52180
52181
52202
52205
52210
52221
52229
52258
52263
52264
52300
52318
52324
52330
52352
52356
52367
52376
52386
52390
52397
52400
52403
52407
52414
52432
52438
52454
52458
52475
52487
52498
52515
52534
52536
52537
52551
52553
52567
52586
52588
52616
52620
52621
52630
52651
52661
52664
52704
52706
52737
52739
52773
52789
52799
52802
52815
52816
52833
52835
52856
52905
52915
52932
52937
52947
52950
52978
52986
53005
53007
53016
53030
53054
53064
53069
53088
53100
53101
53129
53131
53133
53149
53155
53166
53170
53205
53208
53223
53250
53257
53264
53330
53337
53349
53358
53360
53369
53371
53379
53380
53384
53387
53393
53395
53396
53407
53414
53415
53419
53430
53433
53444
53473
53485
53501
53511
53540
53552
53566
53588
53600
53605
53618
53619
53620
53648
53655
53663
53664
53679
53683
53687
53688
53696
53707
53754
53763
53769
53784
53795
53805
53816
53831
53833
53835
53836
53839
53848
53851
53888
53889
53896
53920
53926
53942
53962
53963
53981
53984
53997
54002
54015
54016
54021
54022
54040
54068
54111
54137
54142
54144
54145
54146
54171
54172
54188
54203
54224
54245
54252
54273
54283
54298
54304
54305
54314
54316
54330
54335
54341
54362
54371
54415
54421
54435
54440
54442
54462
54475
54478
54485
54488
54496
54497
54510
54536
54559
54560
54566
54567
54610
54621
54622
54626
54648
54650
54651
54667
54710
54726
54766
54767
54771
54778
54781
54811
54813
54823
54825
54831
54841
54849
54881
54889
54891
54892
54904
54919
54920
54926
54927
54932
54947
54949
54961
54983
54995
55025
55030
55036
55052
55059
55064
55093
55097
55141
55170
55171
55172
55180
55187
55192
55195
55206
55207
55216
55244
55246
55249
55272
55274
55280
55317
55343
55355
55356
55397
55405
55408
55416
55443
55453
55460
55464
55471
55486
55527
55546
55553
55574
55592
55615
55626
55632
55637
55645
55649
55651
55673
55677
55686
55688
55691
55696
55715
55722
55742
55750
55756
55758
55770
55794
55810
55827
55843
55870
55879
55901
55940
55960
55961
55980
55993
56013
56016
56018
56031
56048
56056
56057
56062
56069
56076
56082
56088
56092
56093
56102
56108
56110
56119
56136
56144
56146
56192
56196
56203
56210
56212
56271
56300
56307
56308
56311
56318
56356
56361
56368
56369
56370
56377
56378
56382
56384
56390
56391
56395
56401
56403
56433
56435
56436
56445
56459
56463
56467
56485
56488
56505
56512
56513
56526
56529
56541
56548
56553
56575
56581
56584
56611
56639
56652
56654
56660
56672
56673
56677
56690
56700
56722
56742
56748
56754
56779
56787
56790
56844
56849
56864
56888
56893
56907
56918
56922
56923
56924
56930
56961
56971
56973
56976
56978
57009
57011
57023
57035
57043
57054
57057
57074
57079
57084
57093
57104
57114
57115
57133
57145
57197
57211
57216
57234
57249
57253
57256
57259
57262
57268
57270
57271
57282
57285
57287
57299
57331
57333
57344
57345
57348
57380
57389
57398
57427
57432
57436
57460
57464
57465
57478
57513
57527
57531
57540
57541
57544
57547
57566
57567
57570
57572
57573
57576
57590
57594
57601
57615
57630
57659
57661
57682
57688
57693
57705
57710
57717
57730
57739
57744
57748
57761
57777
57780
57790
57800
57818
57827
57832
57850
57857
57858
57870
57893
57895
57904
57910
57911
57937
57939
57949
57951
57952
57970
57971
57977
57994
58011
58052
58059
58073
58081
58089
58092
58107
58114
58116
58124
58138
58141
58147
58157
58161
58162
58168
58172
58180
58185
58191
58208
58222
58228
58252
58255
58261
58263
58269
58272
58285
58294
58295
58316
58323
58324
58335
58340
58402
58415
58436
58457
58463
58464
58480
58483
58486
58500
58507
58508
58514
58527
58535
58543
58549
58550
58551
58558
58561
58575
58581
58586
58596
58597
58609
58614
58642
58646
58660
58665
58674
58675
58689
58705
58734
58751
58754
58757
58775
58788
58792
58816
58818
58837
58840
58846
58848
58854
58856
58859
58873
58883
58889
58910
58916
58922
58924
58935
58938
58949
58968
58976
58980
58981
58990
59025
59035
59044
59064
59096
59098
59102
59124
59135
59158
59168
59172
59184
59194
59196
59200
59222
59242
59248
59256
59269
59271
59291
59310
59320
59325
59333
59345
59347
59382
59391
59404
59411
59419
59423
59426
59434
59440
59441
59464
59465
59467
59494
59506
59525
59535
59550
59553
59554
59559
59564
59593
59627
59639
59662
59667
59673
59676
59683
59709
59723
59743
59816
59832
59838
59840
59862
59881
59895
59898
59910
59912
59923
59928
59932
59955
59959
59967
59975
59978
59985
59988
60005
60007
60010
60012
60049
60082
60101
60112
60118
60120
60124
60160
60165
60175
60194
60195
60245
60262
60270
60277
60284
60297
60303
60322
60329
60336
60341
60350
60364
60377
60378
60379
60391
60399
60402
60412
60424
60429
60432
60457
60464
60465
60472
60484
60487
60490
60491
60494
60507
60514
60520
60534
60561
60573
60576
60588
60600
60622
60623
60627
60630
60633
60650
60652
60654
60676
60714
60735
60737
60738
60766
60780
60817
60825
60847
60857
60862
60865
60871
60876
60884
60894
60900
60909
60941
60953
60958
60961
60966
60970
60973
60978
60979
60980
60991
60999
61000
61005
61010
61020
61029
61035
61050
61066
61086
61088
61097
61100
61132
61156
61176
61183
61184
61198
61202
61221
61239
61272
61302
61333
61340
61341
61349
61365
61371
61377
61388
61394
61395
61410
61417
61418
61420
61421
61423
61434
61438
61448
61455
61487
61489
61491
61506
61520
61522
61539
61546
61557
61559
61561
61562
61570
61580
61585
61605
61610
61612
61661
61671
61675
61683
61694
61696
61715
61727
61732
61755
61763
61764
61766
61771
61775
61790
61799
61814
61819
61840
61844
61873
61876
61883
61884
61886
61920
61938
61939
61946
61961
62001
62007
62010
62014
62032
62047
62056
62076
62079
62084
62099
62115
62118
62131
62138
62160
62162
62166
62178
62233
62273
62285
62287
62297
62307
62309
62329
62352
62367
62392
62405
62409
62419
62424
62436
62440
62445
62481
62483
62491
62499
62502
62521
62542
62545
62560
62590
62594
62626
62637
62652
62673
62737
62760
62764
62773
62786
62787
62804
62805
62808
62813
62816
62818
62825
62850
62853
62857
62858
62872
62887
62897
62915
62920
62923
62929
62950
62959
62993
62994
62995
63017
63058
63063
63080
63081
63083
63097
63105
63115
63129
63135
63147
63152
63174
63176
63181
63182
63200
63202
63212
63214
63219
63225
63251
63279
63281
63287
63288
63303
63309
63320
63332
63338
63340
63350
63397
63409
63424
63430
63434
63440
63447
63452
63454
63456
63464
63467
63468
63480
63500
63511
63536
63545
63548
63559
63565
63571
63579
63582
63615
63617
63618
63642
63643
63650
63681
63682
63685
63690
63692
63695
63697
63709
63724
63749
63785
63786
63793
63805
63823
63826
63835
63850
63853
63856
63878
63879
63891
63896
63902
63924
63936
63937
63941
63957
63963
63983
63995
64016
64028
64030
64038
64054
64064
64070
64089
64091
64122
64134
64143
64154
64160
64163
64178
64179
64192
64202
64207
64211
64226
64235
64247
64248
64255
64268
64273
64274
64310
64325
64334
64337
64352
64420
64433
64434
64441
64442
64459
64464
64465
64469
64477
64485
64511
64514
64521
64529
64571
64573
64586
64593
64597
64604
64605
64607
64618
64629
64638
64663
64665
64670
64697
64719
64729
64730
64745
64757
64758
64786
64794
64796
64816
64833
64860
64863
64868
64870
64875
64880
64885
64898
64907
64913
64932
64939
64959
64975
64977
64986
64991
65002
65006
65008
65016
65022
65037
65038
65062
65072
65088
65091
65092
65096
65109
65116
65118
65149
65151
65156
65163
65211
65217
65275
65279
65287
65288
65290
65292
65296
65306
65316
65325
65326
65329
65339
65346
65363
65375
65376
65387
65428
65446
65449
65473
65476
65477
65491
65492
65501
65511
65515
65527
65535
65540
65555
65557
65576
65578
65580
65583
65596
65610
65614
65618
65627
65629
65655
65658
65679
65692
65693
65701
65707
65714
65721
65729
65745
65764
65766
65778
65794
65798
65806
65809
65838
65852
65858
65866
65871
65885
65893
65895
65898
65900
65920
65923
65927
65929
65946
65947
65948
65950
65954
65973
65999
66031
66045
66052
66057
66067
66069
66079
66098
66103
66113
66123
66126
66137
66155
66167
66182
66188
66197
66233
66238
66239
66244
66253
66254
66262
66269
66288
66295
66302
66306
66307
66325
66341
66353
66370
66411
66415
66427
66443
66462
66476
66497
66499
66506
66507
66529
66540
66544
66561
66565
66572
66581
66592
66593
66605
66608
66618
66633
66647
66665
66666
66669
66684
66695
66705
66725
66728
66736
66742
66750
66762
66774
66775
66782
66811
66831
66858
66861
66866
66878
66910
66911
66921
66922
66924
66933
66944
66945
66955
66976
67018
67042
67075
67079
67087
67131
67138
67145
67148
67149
67150
67167
67172
67186
67190
67216
67226
67241
67248
67258
67265
67271
67301
67302
67309
67314
67315
67327
67339
67348
67374
67379
67383
67386
67405
67426
67444
67446
67451
67488
67495
67497
67504
67513
67516
67527
67532
67558
67559
67592
67599
67606
67625
67646
67649
67650
67653
67659
67660
67693
67710
67712
67719
67730
67737
67738
67750
67755
67760
67764
67772
67776
67782
67783
67788
67798
67805
67815
67823
67846
67854
67855
67860
67861
67865
67867
67869
67881
67883
67895
67911
67912
67922
67940
67949
67965
67972
67980
67983
67985
68009
68015
68028
68032
68043
68078
68081
68090
68126
68133
68139
68164
68182
68217
68255
68260
68267
68271
68279
68282
68305
68306
68310
68323
68324
68344
68353
68377
68387
68413
68449
68452
68454
68474
68511
68528
68542
68547
68565
68580
68588
68592
68603
68610
68623
68641
68677
68704
68728
68734
68757
68774
68781
68784
68820
68821
68845
68858
68867
68877
68878
68884
68888
68890
68900
68907
68913
68924
68930
68931
68936
68939
68960
68966
68967
68968
68980
68986
68989
68991
69019
69029
69068
69075
69085
69088
69102
69115
69118
69119
69135
69142
69161
69171
69172
69188
69189
69192
69200
69206
69219
69225
69227
69229
69234
69238
69248
69263
69269
69282
69320
69326
69337
69355
69374
69381
69395
69398
69414
69416
69420
69421
69435
69445
69451
69458
69464
69482
69498
69505
69508
69519
69532
69561
69569
69605
69606
69618
69628
69641
69650
69652
69656
69675
69677
69678
69680
69712
69738
69741
69745
69748
69750
69755
69764
69767
69771
69779
69781
69793
69802
69807
69820
69822
69826
69833
69842
69848
69890
69909
69910
69927
69935
69945
69963
69971
69977
69993
70004
70015
70022
70025
70030
70032
70049
70067
70069
70071
70081
70091
70096
70099
70107
70115
70143
70202
70248
70274
70280
70298
70300
70301
70311
70317
70323
70331
70348
70359
70375
70392
70431
70447
70475
70494
70505
70518
70530
70537
70539
70568
70577
70594
70639
70660
70688
70721
70756
70757
70797
70798
70807
70831
70843
70844
70855
70926
70933
70943
70947
70950
70956
70960
70961
70962
70967
70983
70998
71012
71015
71020
71034
71046
71056
71057
71058
71066
71092
71105
71123
71124
71126
71132
71155
71161
71178
71187
71195
71226
71239
71250
71256
71265
71291
71302
71334
71335
71354
71372
71374
71389
71405
71411
71447
71453
71462
71487
71498
71499
71501
71517
71523
71524
71543
71572
71611
71617
71631
71636
71644
71648
71662
71673
71678
71694
71699
71709
71718
71720
71731
71743
71745
71751
71768
71784
71793
71806
71815
71828
71833
71851
71864
71869
71891
71895
71896
71898
71914
71936
71962
71964
71967
71982
72005
72011
72028
72030
72062
72072
72080
72081
72087
72104
72112
72130
72154
72171
72172
72174
72175
72184
72192
72194
72203
72207
72209
72215
72264
72301
72355
72356
72393
72398
72403
72406
72438
72453
72472
72475
72491
72500
72520
72567
72583
72586
72590
72599
72605
72609
72613
72615
72635
72641
72647
72651
72655
72664
72683
72689
72691
72699
72716
72724
72732
72747
72749
72750
72751
72761
72771
72779
72789
72825
72851
72866
72876
72897
72899
72911
72920
72921
72936
72940
72947
72957
72967
72971
72994
73011
73013
73017
73039
73051
73084
73123
73132
73141
73149
73173
73177
73192
73202
73215
73222
73233
73242
73244
73248
73255
73287
73302
73322
73324
73328
73347
73380
73387
73388
73393
73405
73407
73448
73467
73499
73502
73527
73529
73539
73549
73561
73566
73585
73594
73608
73615
73618
73626
73637
73655
73666
73681
73683
73689
73697
73698
73701
73727
73747
73758
73760
73765
73787
73794
73803
73809
73815
73818
73823
73829
73838
73851
73864
73897
73907
73910
73925
73927
73949
73952
73961
73984
73990
74029
74030
74046
74071
74079
74085
74112
74114
74134
74140
74148
74154
74163
74164
74175
74184
74187
74213
74229
74236
74272
74273
74274
74275
74284
74301
74314
74317
74322
74342
74351
74353
74373
74400
74404
74409
74426
74434
74438
74441
74446
74450
74470
74477
74479
74483
74490
74505
74524
74535
74550
74557
74560
74562
74572
74594
74601
74606
74620
74622
74623
74632
74633
74637
74659
74679
74680
74701
74710
74716
74734
74740
74770
74771
74797
74807
74808
74824
74831
74839
74869
74880
74881
74884
74903
74906
74907
74916
74937
74975
74982
74983
74984
75024
75028
75045
75050
75075
75076
75087
75089
75102
75108
75114
75122
75176
75178
75188
75192
75193
75217
75218
75241
75259
75265
75269
75300
75308
75309
75336
75348
75363
75389
75395
75398
75402
75403
75416
75430
75431
75437
75457
75460
75498
75503
75507
75513
75519
75529
75532
75577
75579
75583
75600
75621
75654
75659
75669
75672
75697
75703
75710
75723
75729
75766
75771
75787
75795
75812
75817
75818
75821
75823
75826
75840
75857
75859
75875
75883
75884
75897
75905
75906
75916
75933
75934
75937
75938
75949
75954
75955
75960
75965
75983
75989
75990
75995
76004
76009
76018
76026
76044
76065
76068
76097
76102
76127
76130
76133
76145
76176
76184
76194
76202
76216
76222
76238
76249
76255
76262
76281
76284
76286
76313
76315
76334
76347
76363
76366
76375
76383
76399
76404
76436
76441
76479
76516
76526
76541
76571
76593
76598
76603
76613
76619
76674
76689
76696
76700
76701
76708
76729
76741
76743
76757
76758
76784
76801
76802
76804
76829
76844
76862
76865
76868
76874
76882
76888
76917
76931
76932
76950
76955
76956
76957
76959
76960
76961
76976
77003
77027
77041
77072
77079
77081
77091
77098
77124
77142
77146
77152
77156
77167
77169
77174
77175
77177
77186
77187
77216
77224
77235
77241
77248
77313
77317
77344
77381
77387
77395
77410
77418
77424
77429
77511
77515
77539
77541
77545
77547
77557
77559
77560
77568
77569
77573
77582
77602
77605
77635
77647
77651
77653
77676
77689
77716
77718
77740
77758
77780
77795
77799
77805
77834
77874
77875
77877
77896
77912
77913
77917
77970
78007
78011
78032
78049
78066
78080
78081
78083
78110
78112
78114
78127
78130
78153
78154
78192
78203
78217
78221
78253
78260
78268
78319
78320
78349
78350
78355
78359
78367
78370
78371
78381
78393
78425
78452
78480
78487
78489
78502
78528
78554
78557
78598
78613
78615
78620
78625
78627
78629
78644
78653
78668
78669
78688
78700
78721
78734
78743
78744
78748
78775
78781
78782
78786
78809
78820
78843
78844
78855
78863
78866
78874
78881
78891
78892
78897
78903
78912
78917
78934
78942
78958
78963
78965
78966
78975
79002
79014
79017
79021
79024
79026
79028
79032
79039
79062
79087
79088
79092
79109
79137
79153
79160
79164
79166
79177
79196
79202
79230
79232
79237
79246
79261
79262
79268
79283
79288
79290
79295
79297
79301
79307
79308
79314
79320
79336
79340
79392
79396
79397
79418
79425
79466
79485
79496
79504
79529
79539
79544
79553
79559
79569
79586
79594
79625
79628
79633
79637
79639
79641
79654
79675
79676
79678
79683
79694
79705
79721
79732
79737
79745
79746
79748
79763
79775
79779
79788
79826
79833
79840
79845
79856
79871
79884
79895
79897
79921
79926
79934
79940
79957
79970
79979
79980
80025
80045
80063
80067
80075
80076
80097
80117
80124
80137
80146
80150
80155
80165
80177
80179
80190
80193
80214
80215
80220
80224
80228
80230
80236
80238
80254
80256
80257
80260
80263
80293
80318
80322
80340
80341
80347
80357
80363
80364
80391
80392
80397
80401
80404
80435
80436
80437
80441
80454
80479
80501
80514
80527
80535
80537
80538
80539
80540
80566
80569
80576
80593
80609
80611
80618
80619
80626
80627
80650
80651
80657
80708
80712
80739
80751
80760
80761
80775
80782
80783
80786
80802
80809
80813
80836
80852
80865
80867
80876
80877
80886
80890
80924
80939
80942
80952
80955
80972
80973
80974
80977
81001
81029
81039
81076
81082
81086
81101
81117
81124
81134
81153
81156
81158
81193
81201
81207
81220
81227
81243
81254
81267
81271
81275
81279
81301
81318
81321
81351
81359
81362
81363
81376
81405
81406
81407
81410
81411
81430
81433
81441
81443
81446
81482
81487
81502
81509
81512
81513
81515
81537
81540
81548
81559
81561
81562
81566
81575
81578
81580
81581
81589
81590
81603
81617
81624
81631
81657
81670
81671
81672
81673
81687
81688
81690
81699
81711
81720
81734
81743
81774
81776
81786
81797
81804
81807
81818
81838
81839
81859
81862
81876
81908
81938
81946
81961
81985
82004
82035
82040
82064
82101
82118
82119
82124
82153
82155
82170
82221
82222
82230
82234
82241
82254
82266
82270
82294
82295
82296
82306
82308
82315
82323
82327
82345
82350
82356
82359
82378
82380
82408
82416
82422
82449
82452
82454
82462
82476
82506
82523
82532
82546
82551
82585
82589
82595
82599
82604
82629
82636
82644
82659
82664
82668
82679
82684
82694
82697
82705
82711
82716
82735
82737
82753
82762
82774
82784
82809
82810
82823
82863
82867
82868
82870
82873
82877
82889
82901
82904
82909
82915
82917
82919
82925
82929
82932
82951
82954
82969
82992
83009
83034
83040
83057
83067
83070
83071
83075
83077
83082
83094
83103
83107
83120
83122
83143
83145
83149
83165
83185
83195
83202
83248
83259
83261
83274
83280
83292
83299
83304
83313
83344
83362
83380
83388
83399
83404
83409
83423
83428
83430
83435
83436
83440
83444
83449
83458
83475
83483
83490
83494
83501
83533
83549
83558
83566
83568
83571
83575
83590
83598
83599
83603
83628
83637
83640
83645
83687
83721
83723
83724
83745
83752
83756
83758
83767
83783
83792
83829
83839
83852
83865
83871
83872
83890
83926
83936
83976
83981
83997
83998
84028
84030
84033
84038
84045
84072
84092
84101
84107
84118
84127
84140
84164
84165
84171
84202
84212
84216
84250
84255
84256
84258
84259
84261
84276
84281
84282
84286
84293
84294
84313
84324
84325
84326
84330
84332
84345
84372
84373
84382
84409
84415
84417
84460
84470
84500
84518
84520
84524
84535
84551
84560
84577
84589
84601
84608
84624
84634
84638
84642
84646
84651
84652
84661
84664
84673
84690
84704
84709
84731
84755
84758
84802
84805
84817
84828
84837
84860
84879
84886
84888
84897
84899
84922
84931
84932
84938
84946
84977
84991
85067
85077
85081
85099
85141
85151
85163
85168
85187
85204
85216
85231
85232
85241
85244
85250
85263
85270
85315
85338
85343
85353
85374
85388
85392
85403
85416
85423
85428
85435
85437
85446
85463
85489
85494
85515
85519
85521
85523
85548
85587
85593
85615
85622
85633
85635
85636
85643
85659
85668
85700
85702
85703
85758
85764
85775
85789
85798
85826
85835
85847
85882
85887
85898
85900
85901
85940
85941
85956
85963
85969
85973
85986
85994
86008
86019
86036
86038
86117
86137
86155
86156
86183
86194
86215
86224
86228
86244
86255
86266
86278
86279
86289
86325
86334
86344
86347
86348
86349
86353
86358
86360
86374
86383
86433
86437
86443
86444
86484
86535
86537
86541
86543
86544
86565
86580
86582
86599
86611
86616
86621
86632
86635
86638
86648
86665
86675
86680
86683
86704
86707
86725
86737
86757
86765
86766
86823
86831
86835
86838
86851
86859
86867
86868
86897
86898
86906
86909
86923
86925
86930
86966
86985
87010
87015
87016
87041
87048
87065
87066
87074
87075
87090
87097
87100
87106
87128
87154
87164
87167
87179
87195
87215
87225
87234
87238
87265
87282
87305
87307
87308
87334
87351
87357
87419
87420
87425
87428
87432
87443
87457
87458
87459
87476
87477
87484
87517
87527
87542
87544
87547
87559
87564
87568
87569
87570
87592
87608
87610
87612
87624
87635
87638
87641
87642
87658
87661
87668
87674
87684
87687
87705
87731
87736
87763
87770
87788
87798
87799
87823
87854
87855
87861
87862
87895
87898
87900
87926
87932
87949
87963
87965
88006
88040
88070
88085
88094
88102
88110
88128
88129
88150
88194
88197
88215
88223
88229
88232
88236
88238
88257
88275
88292
88294
88308
88324
88326
88327
88331
88344
88352
88370
88374
88382
88385
88395
88412
88425
88442
88449
88476
88490
88504
88515
88530
88556
88561
88567
88575
88583
88585
88591
88603
88629
88634
88648
88666
88684
88691
88695
88698
88715
88720
88737
88742
88752
88758
88759
88761
88777
88798
88818
88839
88841
88843
88880
88890
88910
88919
88922
88925
88931
88933
88952
88966
88979
88987
89000
89007
89012
89016
89036
89045
89058
89060
89061
89072
89084
89086
89097
89108
89110
89145
89163
89185
89208
89212
89225
89233
89236
89248
89260
89267
89273
89276
89297
89320
89322
89337
89341
89354
89376
89390
89392
89412
89425
89434
89441
89444
89451
89452
89456
89470
89476
89485
89487
89490
89501
89503
89506
89516
89518
89521
89546
89579
89589
89598
89599
89605
89620
89631
89632
89639
89642
89648
89662
89676
89677
89706
89712
89721
89727
89730
89751
89782
89785
89803
89804
89839
89843
89849
89863
89867
89868
89877
89882
89886
89887
89890
89907
89917
89927
89935
89957
89958
89962
90005
90011
90012
90015
90027
90028
90029
90032
90042
90048
90068
90096
90125
90132
90143
90146
90169
90173
90193
90196
90237
90241
90250
90262
90285
90286
90289
90296
90317
90343
90354
90359
90361
90364
90374
90379
90426
90433
90438
90448
90449
90455
90456
90466
90467
90472
90473
90497
90500
90515
90521
90529
90538
90544
90556
90575
90584
90593
90611
90643
90650
90663
90665
90670
90678
90701
90711
90722
90734
90739
90760
90761
90766
90775
90799
90813
90815
90820
90838
90854
90878
90886
90890
90895
90897
90901
90907
90918
90925
90926
90935
90937
90939
90968
90998
91001
91014
91017
91027
91029
91040
91044
91045
91048
91049
91053
91054
91055
91084
91102
91103
91113
91122
91136
91140
91141
91153
91161
91213
91219
91220
91228
91231
91235
91250
91259
91289
91313
91322
91324
91327
91338
91347
91364
91366
91393
91397
91400
91403
91407
91412
91420
91421
91425
91436
91446
91456
91462
91475
91476
91496
91527
91560
91571
91600
91601
91604
91620
91629
91635
91650
91656
91664
91666
91694
91710
91712
91735
91750
91764
91778
91783
91788
91792
91803
91807
91814
91816
91847
91854
91859
91861
91875
91884
91890
91902
91903
91933
91949
91951
91957
91958
92015
92022
92045
92050
92059
92070
92084
92085
92086
92142
92148
92150
92152
92153
92163
92204
92207
92210
92231
92233
92250
92255
92297
92298
92308
92311
92324
92344
92345
92371
92379
92382
92392
92406
92433
92471
92478
92488
92491
92504
92509
92518
92522
92529
92531
92543
92553
92561
92571
92578
92589
92604
92612
92619
92630
92632
92641
92708
92711
92716
92718
92726
92727
92731
92745
92747
92772
92786
92796
92799
92800
92838
92839
92842
92861
92871
92875
92895
92900
92914
92917
92922
92936
92945
92970
92982
93005
93018
93033
93038
93039
93042
93070
93085
93090
93101
93119
93140
93141
93146
93160
93189
93194
93197
93213
93215
93235
93247
93252
93261
93262
93283
93296
93310
93316
93321
93326
93355
93371
93377
93379
93380
93412
93427
93437
93443
93453
93477
93503
93514
93522
93565
93572
93595
93598
93606
93613
93626
93638
93645
93657
93660
93662
93671
93673
93676
93678
93692
93699
93702
93715
93777
93778
93783
93794
93805
93817
93820
93836
93838
93840
93844
93847
93856
93876
93885
93893
93901
93912
93950
93952
93957
93958
93961
93968
93969
93970
93975
93985
93992
94004
94011
94021
94023
94036
94050
94086
94088
94099
94117
94130
94177
94194
94217
94231
94250
94268
94306
94318
94338
94349
94368
94371
94375
94381
94388
94403
94427
94428
94441
94446
94458
94475
94479
94488
94504
94512
94516
94526
94527
94577
94589
94591
94592
94594
94622
94636
94637
94640
94649
94652
94660
94678
94687
94689
94703
94727
94740
94746
94781
94793
94795
94799
94800
94806
94822
94830
94844
94846
94852
94860
94911
94925
94926
94929
94930
94942
94963
94965
94967
94968
94972
95006
95055
95066
95090
95096
95133
95137
95141
95144
95158
95169
95177
95185
95186
95196
95221
95225
95246
95274
95277
95282
95284
95286
95287
95304
95313
95315
95320
95343
95353
95357
95369
95393
95401
95411
95422
95431
95441
95462
95465
95469
95475
95532
95586
95603
95604
95610
95645
95671
95672
95676
95694
95710
95719
95741
95756
95779
95805
95806
95813
95817
95826
95855
95871
95885
95892
95899
95924
95926
95937
95939
95945
95952
95975
95986
96005
96028
96055
96061
96072
96096
96101
96103
96123
96125
96147
96167
96180
96189
96190
96231
96236
96239
96253
96257
96296
96297
96321
96322
96324
96358
96365
96405
96425
96426
96435
96470
96487
96500
96511
96515
96522
96530
96532
96555
96560
96572
96585
96592
96600
96613
96620
96631
96661
96671
96684
96685
96709
96719
96722
96723
96737
96738
96745
96747
96751
96762
96775
96783
96791
96816
96818
96826
96833
96859
96865
96866
96882
96900
96909
96921
96954
96964
96973
96982
96988
97001
97004
97010
97014
97019
97042
97056
97059
97070
97077
97105
97109
97111
97123
97126
97130
97136
97139
97140
97149
97154
97159
97162
97178
97222
97233
97238
97241
97246
97290
97315
97321
97376
97380
97381
97382
97394
97409
97422
97447
97471
97472
97491
97496
97503
97521
97523
97528
97533
97543
97560
97580
97584
97587
97613
97615
97630
97632
97635
97692
97693
97709
97713
97739
97754
97755
97767
97788
97795
97801
97811
97812
97831
97836
97864
97865
97903
97909
97913
97922
97947
97959
97975
98044
98046
98047
98051
98077
98093
98125
98153
98154
98190
98202
98207
98231
98252
98254
98260
98264
98267
98280
98281
98308
98312
98317
98328
98340
98362
98423
98426
98433
98443
98457
98467
98468
98470
98471
98483
98489
98492
98496
98501
98535
98558
98569
98577
98599
98601
98613
98628
98632
98692
98695
98706
98715
98717
98751
98754
98755
98758
98766
98822
98848
98861
98862
98865
98869
98905
98917
98926
98935
98962
98977
98978
98981
98993
99000
99003
99012
99030
99038
99055
99057
99070
99087
99088
99102
99112
99113
99124
99126
99130
99144
99151
99161
99162
99194
99201
99202
99222
99252
99253
99265
99273
99296
99303
99314
99318
99325
99328
99337
99338
99340
99358
99385
99407
99408
99426
99448
99451
99453
99460
99463
99464
99492
99508
99533
99545
99547
99560
99574
99583
99612
99619
99641
99645
99647
99664
99697
99712
99718
99753
99756
99786
99890
99900
99919
99924
99927
99950
99975
99989