17
19
47
67
83
84
86
87
89
92
101
120
122
137
146
150
154
156
158
172
184
185
205
210
214
236
237
240
241
265
276
287
301
328
334
337
346
348
349
350
358
372
427
429
439
447
450
452
470
474
481
500
517
519
520
528
539
540
542
550
553
561
564
567
594
597
605
611
623
626
637
661
666
681
688
713
728
737
763
766
770
779
780
791
793
794
802
807
819
821
846
865
867
871
877
895
899
906
913
915
916
918
925
938
942
955
956
965
967
983
985
1005
1013
1017
1029
1032
1039
1047
1051
1053
1070
1077
1078
1081
1095
1098
1103
1128
1129
1153
1154
1162
1199
1202
1217
1218
1230
1232
1236
1239
1242
1264
1266
1268
1275
1288
1289
1293
1299
1312
1318
1335
1354
1358
1373
1383
1394
1396
1401
1402
1407
1412
1417
1418
1427
1431
1433
1436
1439
1445
1451
1453
1459
1463
1465
1487
1522
1535
1551
1558
1565
1587
1588
1600
1602
1606
1621
1625
1628
1663
1664
1669
1688
1775
1780
1782
1788
1802
1808
1809
1811
1846
1860
1867
1871
1892
1910
1916
1917
1937
1946
1966
1986
2000
2005
2017
2018
2022
2031
2043
2046
2057
2067
2074
2084
2088
2093
2096
2120
2140
2152
2153
2154
2170
2180
2184
2195
2210
2217
2220
2235
2241
2242
2248
2263
2264
2278
2286
2289
2291
2295
2310
2323
2325
2328
2334
2347
2348
2351
2354
2363
2366
2380
2418
2449
2464
2494
2498
2505
2511
2534
2538
2558
2600
2628
2630
2649
2654
2662
2673
2674
2684
2695
2701
2710
2736
2739
2741
2756
2762
2764
2773
2776
2777
2785
2796
2831
2860
2872
2875
2892
2897
2908
2911
2932
2950
2952
2963
2968
2969
2974
2985
2988
2990
2995
2998
3000
3005
3011
3031
3032
3037
3040
3049
3051
3056
3067
3069
3070
3095
3112
3118
3133
3136
3137
3141
3156
3162
3170
3187
3204
3227
3241
3271
3289
3299
3301
3304
3306
3314
3316
3320
3340
3353
3367
3380
3382
3387
3403
3416
3417
3430
3438
3459
3465
3467
3468
3474
3481
3483
3495
3506
3510
3513
3521
3528
3533
3557
3569
3570
3573
3577
3597
3623
3631
3632
3639
3642
3643
3644
3645
3652
3657
3659
3661
3667
3675
3682
3693
3699
3725
3753
3758
3762
3769
3804
3812
3814
3822
3826
3830
3832
3861
3882
3886
3889
3898
3900
3911
3912
3923
3933
3946
3956
3957
3961
3970
3977
3995
4036
4042
4045
4048
4057
4058
4062
4089
4091
4093
4106
4117
4120
4134
4136
4143
4145
4150
4161
4164
4176
4181
4183
4216
4226
4227
4231
4242
4243
4251
4268
4283
4296
4312
4313
4329
4331
4335
4359
4361
4398
4400
4421
4426
4427
4436
4441
4449
4469
4473
4489
4491
4492
4495
4516
4524
4535
4550
4558
4561
4562
4569
4600
4603
4610
4614
4624
4629
4630
4632
4633
4643
4656
4657
4664
4698
4699
4700
4715
4726
4727
4728
4730
4733
4743
4766
4788
4791
4813
4816
4818
4830
4847
4862
4865
4885
4898
4901
4907
4931
4946
4947
4955
4962
4968
4985
4998
5011
5035
5037
5046
5047
5053
5060
5076
5081
5088
5092
5103
5117
5133
5148
5149
5150
5153
5155
5159
5162
5180
5189
5209
5213
5255
5256
5268
5290
5292
5300
5301
5323
5329
5341
5349
5358
5373
5377
5383
5384
5388
5397
5398
5399
5423
5434
5449
5454
5468
5474
5478
5482
5485
5495
5505
5514
5519
5520
5536
5539
5572
5586
5587
5599
5608
5621
5628
5633
5649
5650
5656
5662
5665
5674
5690
5695
5702
5704
5720
5724
5735
5739
5758
5760
5766
5793
5804
5810
5815
5820
5837
5857
5859
5865
5867
5871
5886
5915
5928
5935
5936
5940
5958
5962
5969
5981
6027
6047
6049
6056
6073
6074
6083
6091
6122
6142
6164
6170
6171
6172
6190
6206
6217
6224
6227
6244
6251
6255
6258
6284
6286
6300
6304
6306
6327
6330
6372
6375
6397
6410
6411
6419
6433
6446
6451
6464
6465
6468
6472
6481
6482
6486
6487
6500
6507
6512
6521
6523
6534
6538
6541
6548
6555
6561
6569
6570
6575
6592
6605
6636
6640
6641
6648
6652
6656
6663
6666
6668
6702
6705
6711
6727
6728
6742
6747
6756
6794
6799
6807
6817
6828
6840
6851
6853
6877
6879
6884
6897
6902
6904
6936
6942
6958
6966
6967
6968
6971
6972
6977
6992
6994
6995
7002
7012
7041
7056
7059
7063
7066
7087
7090
7095
7102
7109
7118
7128
7135
7136
7139
7149
7156
7163
7170
7188
7192
7194
7257
7259
7266
7276
7309
7324
7350
7351
7352
7377
7389
7394
7404
7409
7417
7423
7428
7446
7465
7469
7470
7480
7489
7505
7520
7528
7529
7535
7542
7544
7562
7565
7567
7576
7603
7619
7620
7624
7633
7642
7657
7684
7696
7698
7700
7707
7726
7732
7733
7734
7737
7769
7777
7778
7794
7798
7830
7854
7858
7864
7888
7900
7921
7922
7928
7934
7936
7941
7958
7960
7975
7976
7984
7986
8005
8014
8024
8028
8040
8068
8074
8104
8115
8160
8166
8171
8178
8180
8198
8215
8222
8239
8250
8255
8257
8264
8282
8292
8302
8306
8313
8320
8331
8339
8342
8349
8353
8367
8402
8409
8416
8423
8425
8427
8441
8443
8454
8457
8476
8480
8494
8497
8506
8507
8522
8544
8554
8558
8562
8565
8566
8571
8572
8578
8604
8611
8613
8622
8639
8658
8687
8690
8696
8698
8700
8712
8733
8767
8786
8804
8810
8818
8835
8842
8859
8863
8872
8873
8875
8882
8886
8888
8913
8918
8947
8952
8960
8967
8968
8973
8978
8985
8986
8988
9010
9017
9027
9033
9045
9086
9097
9107
9115
9120
9136
9139
9145
9146
9151
9160
9168
9174
9185
9209
9219
9221
9227
9228
9245
9272
9280
9282
9293
9315
9326
9336
9361
9374
9390
9394
9396
9405
9416
9423
9435
9436
9442
9445
9456
9466
9478
9479
9481
9490
9496
9504
9516
9520
9524
9543
9562
9567
9597
9623
9665
9681
9710
9711
9713
9718
9720
9723
9729
9745
9749
9769
9805
9806
9811
9815
9823
9828
9848
9849
9855
9856
9858
9863
9866
9904
9910
9915
9924
9935
9944
9958
10001
10012
10027
10033
10064
10068
10078
10079
10081
10082
10087
10104
10108
10115
10136
10154
10167
10181
10195
10196
10204
10208
10212
10221
10235
10237
10244
10258
10269
10274
10287
10298
10300
10311
10325
10332
10347
10349
10352
10363
10370
10374
10377
10392
10399
10408
10429
10433
10439
10440
10455
10462
10464
10474
10479
10480
10509
10559
10573
10578
10592
10623
10635
10636
10639
10642
10643
10646
10660
10670
10689
10690
10695
10702
10715
10728
10729
10738
10741
10749
10753
10763
10766
10772
10773
10793
10803
10812
10823
10828
10829
10830
10839
10840
10848
10849
10855
10887
10913
10923
10924
10926
10941
10961
10968
10978
10996
11000
11001
11002
11008
11034
11066
11070
11078
11096
11113
11117
11125
11160
11165
11174
11176
11209
11227
11231
11258
11267
11277
11279
11281
11297
11305
11328
11354
11363
11372
11381
11390
11397
11412
11442
11450
11464
11471
11476
11477
11481
11483
11502
11521
11524
11539
11541
11569
11573
11577
11594
11604
11611
11616
11620
11622
11626
11640
11669
11674
11680
11686
11688
11710
11720
11727
11759
11761
11766
11781
11796
11797
11805
11866
11880
11892
11896
11925
11932
11940
11942
11943
11950
11966
11981
11982
11985
11986
11988
11992
12014
12036
12069
12070
12085
12087
12100
12108
12119
12133
12135
12136
12137
12156
12164
12165
12172
12175
12183
12190
12227
12238
12242
12247
12253
12258
12259
12261
12267
12269
12276
12282
12288
12299
12306
12307
12318
12338
12346
12358
12366
12396
12400
12410
12414
12415
12425
12432
12434
12474
12480
12482
12483
12486
12493
12503
12529
12530
12552
12570
12582
12591
12592
12593
12611
12620
12633
12641
12643
12645
12659
12663
12683
12690
12694
12709
12720
12723
12739
12759
12772
12774
12782
12786
12802
12804
12815
12818
12819
12823
12826
12829
12849
12859
12865
12868
12877
12882
12884
12909
12929
12934
12942
12944
12956
12980
12986
13002
13004
13006
13019
13025
13051
13058
13085
13087
13092
13118
13141
13144
13151
13152
13155
13156
13160
13173
13178
13181
13184
13201
13212
13226
13235
13245
13255
13256
13259
13262
13263
13269
13274
13275
13288
13305
13320
13322
13330
13349
13351
13354
13361
13362
13364
13374
13379
13398
13404
13446
13454
13458
13481
13502
13548
13555
13591
13595
13602
13615
13616
13623
13628
13634
13636
13655
13657
13693
13707
13709
13713
13726
13734
13738
13744
13748
13750
13755
13762
13779
13781
13802
13827
13840
13844
13857
13868
13871
13880
13899
13911
13927
13953
13954
13988
13989
13997
13999
14000
14002
14003
14013
14016
14017
14029
14032
14043
14044
14056
14060
14097
14112
14142
14160
14162
14163
14171
14175
14176
14187
14203
14207
14218
14226
14240
14251
14257
14264
14270
14281
14282
14285
14308
14332
14334
14339
14340
14365
14369
14372
14402
14407
14418
14420
14424
14457
14460
14472
14474
14497
14501
14505
14506
14509
14523
14528
14531
14537
14541
14555
14556
14587
14606
14629
14633
14636
14689
14709
14763
14766
14768
14778
14787
14790
14802
14814
14817
14820
14827
14838
14840
14856
14860
14883
14900
14904
14906
14908
14910
14911
14912
14931
14940
14957
14968
14975
14976
14987
15004
15012
15023
15037
15054
15060
15073
15078
15084
15086
15111
15126
15130
15141
15153
15182
15190
15197
15199
15206
15212
15213
15226
15227
15230
15238
15265
15279
15290
15291
15292
15303
15313
15320
15324
15335
15340
15351
15360
15367
15370
15392
15394
15398
15403
15405
15417
15424
15429
15457
15466
15472
15474
15487
15490
15492
15500
15501
15520
15521
15527
15533
15534
15548
15566
15569
15581
15582
15583
15623
15645
15655
15658
15665
15666
15671
15721
15724
15726
15748
15750
15763
15766
15775
15785
15799
15803
15830
15832
15839
15846
15873
15878
15889
15901
15906
15909
15910
15911
15941
15952
15957
15958
15962
15976
15982
15985
15986
15993
16008
16010
16016
16033
16036
16041
16048
16049
16065
16070
16092
16095
16099
16115
16118
16122
16129
16143
16148
16155
16165
16173
16176
16205
16227
16231
16235
16265
16270
16298
16299
16304
16306
16315
16328
16335
16336
16363
16382
16387
16388
16398
16404
16406
16413
16417
16424
16442
16454
16459
16503
16509
16513
16521
16527
16533
16537
16550
16567
16568
16574
16580
16597
16617
16628
16644
16670
16671
16672
16691
16705
16712
16719
16762
16770
16772
16784
16791
16792
16794
16796
16799
16804
16817
16818
16820
16832
16833
16850
16866
16876
16880
16883
16887
16891
16916
16920
16933
16938
16947
16949
16954
16961
16973
16981
16983
16986
16996
16999
17007
17012
17025
17027
17034
17041
17046
17060
17080
17081
17090
17109
17110
17135
17162
17167
17181
17195
17202
17208
17211
17234
17246
17253
17271
17285
17290
17296
17304
17305
17320
17342
17361
17362
17379
17383
17393
17400
17401
17403
17414
17424
17432
17437
17451
17452
17454
17460
17481
17482
17502
17534
17555
17562
17563
17573
17575
17579
17611
17628
17635
17643
17660
17669
17681
17706
17712
17713
17726
17735
17745
17761
17781
17785
17809
17813
17819
17838
17839
17844
17855
17874
17915
17922
17935
17940
17944
17955
17969
17972
17974
17980
17989
17993
18010
18015
18016
18031
18033
18065
18068
18078
18091
18096
18142
18163
18166
18177
18180
18201
18203
18204
18207
18211
18233
18239
18240
18256
18260
18268
18274
18279
18280
18282
18298
18307
18319
18339
18360
18396
18403
18409
18413
18420
18422
18426
18427
18431
18437
18444
18453
18465
18471
18475
18488
18491
18503
18545
18579
18582
18595
18596
18606
18607
18616
18624
18631
18632
18637
18646
18660
18671
18672
18674
18681
18686
18693
18694
18697
18703
18736
18750
18751
18778
18780
18801
18845
18849
18859
18865
18874
18884
18887
18907
18921
18924
18931
18942
18945
18946
18951
18973
18974
18984
18986
18994
19002
19005
19025
19033
19035
19039
19046
19052
19059
19063
19080
19117
19145
19146
19155
19169
19176
19180
19182
19187
19192
19212
19217
19219
19223
19229
19248
19257
19262
19275
19294
19340
19343
19351
19354
19356
19361
19362
19366
19368
19375
19377
19392
19408
19415
19441
19452
19458
19461
19469
19490
19498
19508
19514
19522
19529
19533
19593
19599
19609
19616
19635
19666
19674
19687
19698
19701
19708
19717
19721
19732
19733
19742
19751
19761
19771
19772
19773
19774
19786
19787
19812
19828
19832
19845
19847
19848
19864
19887
19891
19904
19907
19916
19928
19946
19952
19953
19957
19971
19980
20014
20016
20021
20030
20038
20049
20056
20066
20080
20083
20095
20116
20126
20128
20132
20143
20152
20154
20160
20173
20176
20185
20190
20195
20214
20216
20240
20263
20277
20284
20302
20304
20312
20316
20332
20367
20373
20379
20383
20388
20391
20404
20414
20415
20427
20430
20437
20441
20444
20465
20469
20471
20485
20495
20510
20536
20542
20549
20554
20571
20574
20586
20594
20601
20612
20640
20647
20658
20668
20673
20685
20689
20696
20708
20711
20712
20714
20717
20728
20730
20735
20736
20737
20744
20750
20766
20770
20775
20781
20793
20812
20832
20842
20871
20894
20899
20937
20957
20963
20967
20973
20990
20999
21001
21008
21021
21036
21040
21050
21057
21059
21060
21069
21074
21075
21095
21102
21103
21107
21109
21116
21125
21133
21147
21150
21152
21158
21191
21192
21206
21228
21239
21244
21250
21265
21275
21280
21282
21289
21294
21295
21305
21307
21326
21329
21341
21346
21347
21375
21380
21389
21390
21398
21414
21417
21420
21421
21439
21454
21461
21484
21487
21537
21543
21547
21574
21577
21583
21589
21600
21601
21604
21632
21637
21669
21672
21682
21706
21711
21714
21722
21728
21755
21758
21765
21766
21772
21777
21783
21790
21796
21805
21815
21816
21826
21830
21838
21844
21871
21889
21894
21909
21915
21936
21949
21955
21956
21970
21980
21986
21991
21995
22001
22005
22007
22017
22022
22023
22025
22037
22052
22056
22060
22063
22066
22084
22096
22098
22102
22105
22111
22117
22126
22128
22141
22143
22148
22195
22199
22203
22209
22222
22226
22228
22261
22276
22278
22285
22291
22310
22313
22314
22333
22341
22350
22355
22364
22384
22398
22400
22418
22440
22461
22464
22468
22480
22487
22494
22534
22541
22546
22549
22550
22553
22570
22571
22574
22581
22598
22605
22607
22627
22639
22649
22652
22660
22683
22689
22695
22706
22710
22724
22735
22736
22753
22759
22761
22762
22763
22777
22782
22796
22807
22818
22823
22828
22830
22843
22846
22847
22860
22872
22874
22882
22889
22891
22893
22923
22931
22933
22943
22957
22965
22977
22980
22984
22999
23009
23040
23066
23068
23071
23091
23094
23095
23103
23110
23122
23123
23142
23149
23162
23180
23203
23206
23218
23223
23228
23234
23241
23253
23258
23259
23275
23276
23277
23302
23305
23320
23355
23364
23366
23372
23373
23401
23408
23423
23435
23479
23488
23499
23501
23507
23520
23529
23550
23583
23596
23598
23603
23612
23666
23678
23682
23694
23698
23710
23730
23736
23746
23748
23753
23757
23772
23779
23804
23805
23827
23830
23833
23843
23845
23855
23858
23864
23868
23871
23873
23882
23897
23899
23902
23915
23917
23942
23946
23956
23971
23975
23976
23989
23994
24010
24031
24032
24041
24042
24043
24065
24073
24091
24106
24142
24147
24148
24150
24156
24169
24195
24221
24233
24239
24241
24245
24252
24253
24266
24272
24274
24285
24291
24301
24307
24325
24345
24351
24373
24394
24403
24421
24453
24458
24465
24477
24503
24511
24514
24526
24535
24541
24542
24549
24560
24594
24608
24611
24613
24616
24627
24630
24634
24636
24656
24658
24690
24705
24715
24723
24724
24736
24738
24742
24754
24765
24766
24771
24782
24796
24817
24833
24848
24861
24862
24868
24907
24940
24951
24953
24996
25017
25029
25032
25113
25127
25138
25154
25167
25174
25188
25210
25218
25232
25264
25272
25280
25306
25316
25326
25343
25351
25354
25375
25376
25387
25391
25395
25416
25421
25424
25428
25457
25460
25467
25473
25487
25510
25522
25540
25547
25555
25567
25576
25582
25585
25596
25603
25611
25620
25622
25634
25635
25655
25662
25674
25677
25689
25706
25707
25710
25712
25725
25727
25732
25758
25778
25792
25796
25803
25804
25862
25865
25870
25886
25891
25893
25903
25907
25911
25912
25922
25929
25940
25946
25947
25951
25957
25958
25963
25981
25993
25994
26043
26051
26065
26088
26089
26093
26095
26121
26137
26138
26151
26157
26161
26167
26170
26196
26199
26207
26208
26238
26249
26291
26318
26327
26335
26359
26362
26378
26383
26384
26386
26399
26411
26414
26430
26432
26440
26446
26452
26468
26469
26471
26476
26508
26510
26516
26521
26523
26536
26541
26552
26554
26557
26566
26570
26573
26585
26588
26593
26594
26631
26634
26654
26658
26662
26684
26687
26693
26730
26731
26735
26738
26742
26755
26759
26765
26809
26817
26829
26834
26844
26852
26861
26885
26922
26935
26937
26950
26953
26959
26963
26978
26981
26988
27009
27018
27022
27055
27059
27061
27062
27064
27083
27109
27112
27116
27117
27141
27145
27162
27164
27173
27174
27176
27178
27189
27192
27195
27197
27207
27214
27217
27230
27239
27263
27271
27276
27290
27388
27394
27399
27419
27442
27444
27445
27453
27465
27472
27482
27496
27512
27516
27525
27540
27541
27542
27543
27553
27557
27562
27580
27581
27616
27617
27621
27623
27625
27638
27652
27709
27725
27727
27739
27750
27753
27758
27763
27771
27783
27797
27800
27812
27813
27821
27824
27830
27834
27853
27875
27876
27878
27888
27909
27917
27920
27923
27954
27973
27976
27982
27986
27996
28003
28015
28021
28030
28056
28066
28070
28083
28098
28122
28131
28133
28146
28161
28175
28191
28197
28207
28229
28249
28253
28256
28261
28269
28270
28280
28298
28303
28311
28321
28339
28348
28351
28364
28402
28404
28417
28440
28448
28452
28456
28464
28472
28520
28522
28543
28549
28551
28557
28581
28586
28587
28596
28598
28604
28605
28628
28637
28658
28665
28695
28707
28710
28719
28724
28730
28758
28763
28785
28787
28791
28810
28819
28820
28843
28848
28850
28852
28853
28870
28880
28888
28906
28913
28924
28930
28931
28934
28939
28940
28942
28948
28949
28964
28966
28968
28971
28973
28980
28992
29035
29047
29051
29076
29077
29080
29087
29099
29107
29109
29112
29119
29127
29131
29140
29149
29162
29176
29178
29187
29211
29226
29229
29230
29270
29271
29295
29309
29310
29311
29316
29329
29340
29348
29372
29392
29393
29397
29412
29414
29418
29424
29435
29447
29458
29459
29484
29485
29489
29506
29507
29515
29524
29533
29535
29551
29555
29569
29578
29580
29581
29594
29599
29622
29626
29629
29647
29648
29654
29658
29685
29695
29710
29723
29727
29746
29756
29759
29773
29776
29780
29791
29797
29800
29814
29822
29837
29861
29870
29879
29881
29884
29890
29896
29903
29907
29910
29912
29914
29923
29934
29945
29961
29977
29981
29986
30007
30012
30027
30030
30031
30033
30040
30057
30082
30092
30096
30098
30108
30115
30126
30149
30161
30171
30174
30187
30188
30196
30200
30201
30202
30251
30261
30265
30266
30270
30289
30291
30292
30308
30325
30354
30355
30360
30366
30397
30407
30411
30419
30425
30441
30445
30450
30452
30459
30461
30464
30476
30477
30495
30512
30525
30530
30532
30541
30545
30564
30567
30569
30579
30592
30595
30597
30601
30603
30605
30606
30614
30631
30634
30635
30651
30652
30653
30667
30677
30682
30685
30687
30697
30711
30732
30740
30763
30764
30765
30769
30775
30784
30786
30802
30809
30816
30817
30822
30823
30831
30847
30879
30881
30896
30899
30902
30915
30980
30995
31001
31012
31013
31016
31017
31020
31025
31028
31032
31034
31056
31084
31092
31101
31110
31139
31144
31147
31161
31162
31174
31181
31186
31194
31205
31210
31220
31221
31227
31230
31235
31237
31242
31243
31246
31251
31255
31258
31265
31267
31275
31285
31326
31335
31337
31343
31354
31375
31398
31410
31413
31416
31423
31454
31457
31484
31535
31538
31541
31551
31553
31557
31558
31568
31570
31577
31591
31606
31647
31650
31651
31654
31655
31662
31675
31677
31681
31698
31728
31753
31770
31786
31789
31812
31825
31829
31839
31849
31858
31876
31889
31901
31919
31924
31925
31931
31938
31951
31993
32002
32012
32026
32032
32044
32045
32048
32057
32062
32070
32071
32074
32080
32088
32091
32094
32096
32104
32119
32129
32130
32136
32137
32138
32145
32161
32164
32166
32168
32170
32192
32198
32201
32202
32211
32223
32243
32249
32269
32276
32278
32289
32295
32312
32328
32338
32343
32363
32370
32390
32401
32403
32408
32410
32420
32424
32425
32444
32453
32455
32471
32482
32517
32524
32528
32541
32564
32577
32594
32595
32615
32617
32618
32642
32650
32658
32659
32661
32674
32689
32710
32713
32737
32789
32823
32841
32842
32857
32860
32872
32882
32883
32884
32888
32905
32912
32915
32916
32918
32927
32941
32953
32965
32968
32975
33005
33007
33010
33027
33041
33048
33062
33070
33080
33088
33102
33112
33121
33125
33137
33139
33142
33153
33157
33158
33161
33163
33169
33172
33178
33200
33205
33206
33208
33235
33242
33262
33278
33305
33313
33318
33323
33333
33342
33345
33347
33349
33352
33377
33389
33416
33424
33430
33431
33435
33442
33443
33461
33468
33484
33488
33492
33510
33534
33545
33548
33554
33568
33582
33584
33593
33595
33596
33600
33612
33614
33615
33616
33628
33631
33648
33651
33658
33670
33671
33673
33692
33703
33715
33727
33729
33731
33738
33741
33766
33772
33773
33776
33780
33784
33805
33806
33810
33819
33822
33836
33845
33860
33878
33892
33895
33901
33906
33929
33932
33938
33942
33957
34001
34031
34033
34044
34050
34051
34076
34081
34088
34111
34123
34126
34135
34144
34150
34153
34157
34159
34164
34170
34174
34191
34198
34203
34204
34207
34212
34214
34256
34265
34291
34353
34358
34366
34382
34388
34389
34394
34396
34397
34398
34401
34426
34430
34432
34437
34438
34459
34463
34466
34471
34472
34477
34478
34493
34503
34511
34548
34549
34565
34571
34588
34633
34634
34641
34645
34647
34660
34674
34680
34681
34709
34719
34720
34722
34731
34742
34754
34769
34771
34775
34781
34786
34799
34804
34813
34819
34832
34835
34840
34845
34864
34876
34893
34906
34918
34922
34937
34941
34951
34967
34979
34980
35002
35012
35020
35038
35044
35048
35056
35059
35061
35065
35079
35113
35115
35120
35122
35141
35145
35152
35154
35177
35179
35197
35199
35202
35205
35206
35215
35222
35225
35248
35253
35259
35263
35305
35315
35331
35342
35351
35352
35357
35365
35368
35384
35392
35400
35408
35412
35414
35416
35422
35423
35425
35445
35446
35464
35480
35483
35484
35494
35496
35505
35514
35517
35522
35524
35529
35530
35540
35550
35564
35566
35575
35584
35608
35622
35630
35632
35642
35645
35654
35658
35670
35671
35692
35707
35718
35721
35752
35758
35759
35767
35777
35783
35787
35795
35801
35804
35811
35815
35819
35835
35837
35838
35842
35857
35865
35869
35878
35889
35893
35931
35934
35950
35955
35962
35970
35971
36014
36016
36034
36042
36063
36064
36070
36071
36083
36103
36115
36127
36133
36144
36148
36149
36158
36179
36224
36229
36230
36243
36260
36268
36271
36280
36282
36301
36312
36322
36324
36327
36330
36337
36350
36353
36358
36377
36391
36393
36396
36401
36404
36415
36424
36426
36428
36430
36446
36457
36469
36475
36480
36481
36494
36522
36525
36527
36533
36544
36559
36565
36567
36585
36589
36598
36601
36602
36618
36633
36650
36659
36675
36687
36703
36705
36725
36735
36762
36763
36764
36780
36785
36831
36838
36845
36849
36850
36895
36913
36929
36937
36964
36966
36974
36975
36982
36987
36991
37013
37014
37027
37031
37037
37051
37067
37077
37085
37103
37109
37110
37115
37119
37126
37127
37129
37149
37164
37178
37194
37222
37229
37238
37250
37252
37259
37268
37273
37276
37281
37311
37317
37338
37353
37368
37382
37386
37402
37414
37418
37452
37472
37502
37528
37542
37545
37558
37562
37564
37577
37593
37596
37607
37610
37612
37646
37651
37652
37654
37687
37706
37709
37714
37716
37725
37734
37744
37745
37755
37771
37781
37791
37793
37810
37825
37826
37833
37843
37845
37864
37868
37874
37876
37892
37896
37910
37930
37950
37956
37965
37974
37989
37996
38008
38016
38032
38036
38044
38046
38062
38071
38074
38099
38102
38110
38119
38121
38128
38153
38163
38168
38184
38188
38209
38212
38227
38238
38241
38242
38267
38279
38295
38301
38306
38310
38315
38327
38337
38346
38347
38357
38360
38369
38371
38388
38399
38414
38426
38427
38437
38451
38465
38472
38484
38502
38508
38525
38533
38550
38552
38605
38629
38631
38635
38641
38643
38647
38672
38674
38682
38689
38690
38705
38707
38721
38732
38741
38771
38777
38789
38793
38804
38812
38813
38825
38826
38837
38866
38874
38888
38893
38895
38902
38903
38919
38921
38953
38978
38983
38988
38992
39011
39012
39015
39057
39078
39089
39095
39097
39109
39111
39161
39180
39191
39223
39230
39240
39242
39252
39255
39257
39260
39283
39303
39305
39315
39319
39325
39348
39349
39353
39364
39366
39383
39393
39404
39407
39422
39429
39434
39445
39449
39459
39474
39484
39495
39497
39512
39516
39517
39523
39525
39526
39534
39547
39557
39568
39586
39597
39614
39619
39622
39638
39653
39657
39658
39664
39666
39689
39695
39705
39737
39753
39769
39772
39775
39781
39783
39799
39811
39817
39843
39850
39862
39865
39867
39872
39889
39915
39924
39930
39967
39976
39983
39989
40015
40016
40022
40024
40042
40050
40055
40068
40087
40097
40098
40104
40120
40128
40140
40141
40142
40151
40153
40162
40167
40180
40189
40195
40196
40212
40219
40232
40236
40238
40239
40249
40254
40256
40266
40276
40290
40294
40295
40305
40314
40319
40323
40332
40335
40337
40339
40359
40369
40386
40393
40401
40402
40403
40411
40418
40424
40449
40462
40465
40481
40490
40500
40510
40537
40546
40576
40586
40596
40610
40635
40641
40644
40645
40658
40676
40677
40685
40702
40715
40721
40723
40724
40732
40741
40762
40766
40775
40778
40779
40787
40799
40813
40850
40852
40859
40863
40898
40918
40932
40941
40945
40946
40962
40969
40982
41018
41019
41020
41025
41028
41064
41075
41085
41110
41132
41143
41153
41156
41158
41161
41166
41173
41174
41188
41203
41210
41226
41227
41233
41241
41242
41264
41279
41291
41317
41319
41349
41372
41375
41376
41378
41388
41396
41397
41401
41402
41405
41437
41438
41466
41469
41487
41488
41494
41517
41535
41540
41542
41547
41548
41580
41610
41612
41630
41634
41674
41675
41715
41720
41723
41731
41734
41735
41737
41741
41744
41747
41782
41807
41833
41841
41848
41853
41855
41885
41893
41902
41922
41930
41933
41934
41945
41946
41949
41980
41986
41993
42001
42008
42019
42020
42023
42024
42047
42058
42062
42064
42066
42069
42098
42100
42104
42112
42114
42138
42166
42177
42185
42207
42213
42230
42257
42264
42273
42278
42282
42289
42303
42323
42341
42344
42345
42351
42356
42360
42366
42374
42384
42395
42397
42410
42419
42433
42453
42476
42479
42493
42500
42507
42513
42515
42518
42524
42538
42541
42545
42562
42568
42571
42578
42579
42590
42605
42662
42675
42690
42695
42727
42744
42749
42756
42762
42767
42772
42808
42825
42841
42843
42848
42863
42865
42872
42884
42908
42912
42916
42926
42937
42942
42954
42967
42971
42977
42999
43001
43050
43057
43074
43077
43091
43092
43100
43105
43115
43123
43130
43139
43150
43163
43177
43186
43188
43221
43223
43232
43233
43257
43258
43282
43297
43299
43319
43326
43339
43340
43341
43346
43357
43374
43376
43380
43381
43418
43426
43430
43431
43438
43440
43443
43455
43477
43481
43487
43491
43498
43499
43503
43529
43544
43549
43552
43554
43564
43568
43572
43573
43582
43590
43600
43602
43603
43611
43634
43649
43665
43667
43680
43703
43712
43718
43719
43721
43728
43734
43742
43749
43764
43789
43793
43806
43807
43815
43820
43821
43827
43829
43834
43861
43870
43886
43897
43907
43911
43915
43926
43927
43930
43943
43945
43949
43962
43979
43983
43990
44004
44014
44022
44030
44039
44048
44049
44069
44070
44093
44099
44117
44129
44143
44149
44176
44181
44184
44199
44203
44208
44214
44221
44223
44234
44239
44247
44250
44260
44268
44288
44289
44292
44294
44304
44307
44312
44321
44322
44334
44353
44363
44382
44391
44392
44400
44413
44448
44451
44456
44458
44469
44477
44480
44481
44494
44505
44510
44519
44538
44540
44544
44546
44556
44560
44566
44572
44578
44581
44584
44585
44594
44599
44600
44607
44614
44622
44638
44645
44646
44664
44669
44692
44696
44715
44728
44730
44734
44739
44764
44765
44767
44774
44775
44776
44778
44780
44781
44789
44791
44803
44808
44809
44833
44841
44851
44861
44881
44883
44893
44898
44911
44918
44926
44930
44932
44938
44941
44952
44955
44959
44969
44984
45004
45015
45016
45017
45031
45049
45057
45063
45070
45071
45085
45097
45108
45125
45127
45131
45139
45143
45149
45180
45193
45194
45198
45199
45202
45213
45218
45219
45229
45230
45240
45254
45264
45284
45291
45304
45319
45324
45358
45391
45395
45417
45428
45440
45473
45475
45487
45488
45508
45518
45521
45531
45534
45547
45548
45563
45565
45569
45572
45584
45586
45602
45616
45621
45627
45634
45687
45699
45702
45705
45709
45715
45717
45720
45724
45727
45746
45750
45762
45763
45764
45767
45776
45819
45823
45828
45845
45857
45869
45879
45896
45898
45908
45916
45918
45929
45936
45941
45943
45957
45963
45972
45976
45996
45998
45999
46001
46004
46006
46026
46034
46046
46048
46056
46060
46063
46074
46078
46082
46090
46113
46123
46126
46135
46152
46154
46155
46166
46172
46189
46190
46198
46217
46223
46234
46251
46263
46264
46268
46284
46287
46291
46300
46324
46330
46331
46345
46348
46360
46374
46376
46377
46384
46394
46403
46419
46420
46422
46434
46443
46445
46450
46455
46457
46466
46467
46472
46481
46487
46489
46504
46508
46516
46521
46525
46527
46528
46555
46559
46588
46591
46610
46614
46634
46654
46669
46673
46674
46703
46707
46716
46725
46733
46740
46743
46761
46765
46767
46772
46773
46777
46782
46790
46804
46826
46835
46849
46855
46869
46880
46891
46893
46894
46903
46904
46916
46920
46925
46933
46935
46937
46942
46958
46996
47017
47022
47025
47031
47042
47053
47067
47069
47073
47089
47090
47094
47117
47154
47169
47175
47177
47189
47203
47211
47213
47217
47224
47230
47239
47265
47279
47290
47306
47307
47309
47329
47330
47333
47338
47343
47361
47383
47391
47425
47428
47436
47438
47447
47455
47457
47459
47467
47469
47485
47496
47500
47503
47514
47519
47532
47540
47545
47546
47550
47555
47557
47561
47562
47579
47600
47622
47626
47628
47634
47635
47652
47653
47660
47665
47692
47714
47715
47758
47773
47786
47795
47798
47800
47803
47804
47823
47830
47852
47860
47861
47863
47867
47870
47907
47909
47910
47925
47928
47929
47954
47996
48008
48016
48025
48035
48044
48048
48075
48083
48085
48086
48093
48099
48106
48112
48116
48130
48134
48137
48138
48143
48147
48149
48160
48164
48171
48180
48187
48202
48212
48227
48241
48248
48257
48281
48291
48293
48295
48300
48305
48310
48328
48343
48371
48372
48383
48386
48388
48406
48411
48416
48423
48427
48431
48449
48451
48471
48492
48493
48500
48530
48533
48534
48548
48565
48578
48591
48602
48620
48630
48633
48641
48647
48652
48673
48675
48676
48687
48708
48727
48734
48743
48765
48769
48772
48784
48785
48796
48852
48854
48856
48857
48870
48871
48885
48914
48915
48932
48935
48937
48941
48948
48966
49000
49008
49010
49019
49039
49044
49077
49121
49129
49139
49156
49171
49174
49191
49192
49200
49219
49230
49240
49241
49244
49251
49258
49274
49279
49285
49302
49308
49323
49345
49372
49373
49374
49376
49378
49392
49396
49402
49414
49422
49430
49432
49463
49477
49486
49490
49497
49503
49505
49516
49524
49542
49558
49579
49584
49587
49589
49596
49599
49616
49626
49634
49641
49650
49677
49681
49690
49692
49696
49702
49705
49714
49718
49723
49726
49741
49743
49754
49768
49769
49821
49830
49835
49838
49865
49885
49892
49904
49906
49907
49909
49911
49945
49956
49958
49969
49970
49972
49993
49999
50001
50005
50008
50011
50012
50017
50023
50054
50055
50066
50084
50087
50088
50091
50109
50124
50132
50149
50151
50163
50171
50175
50180
50197
50222
50224
50235
50237
50242
50246
50258
50261
50282
50284
50290
50307
50318
50342
50360
50368
50387
50400
50422
50434
50440
50454
50455
50464
50486
50500
50523
50529
50544
50554
50580
50581
50583
50595
50597
50605
50607
50621
50626
50627
50630
50638
50641
50647
50648
50654
50657
50659
50661
50683
50685
50690
50691
50703
50710
50719
50729
50741
50749
50794
50798
50814
50817
50818
50820
50821
50825
50829
50844
50845
50863
50873
50875
50884
50886
50888
50896
50898
50920
50923
50951
50954
50963
50972
50994
51000
51006
51014
51029
51050
51067
51083
51091
51093
51094
51101
51122
51130
51133
51138
51158
51168
51171
51179
51182
51202
51214
51223
51229
51252
51268
51288
51291
51298
51303
51321
51324
51339
51346
51353
51358
51362
51375
51384
51388
51406
51408
51409
51419
51422
51426
51435
51438
51445
51447
51453
51461
51482
51488
51503
51506
51511
51519
51524
51535
51536
51542
51568
51586
51598
51603
51606
51609
51633
51637
51642
51650
51653
51666
51669
51682
51688
51699
51702
51708
51710
51714
51723
51737
51744
51748
51759
51762
51769
51786
51787
51792
51800
51802
51810
51811
51813
51814
51831
51832
51848
51867
51873
51874
51881
51883
51890
51894
51902
51906
51911
51924
51942
51985
51991
52040
52061
52066
52067
52071
52082
52087
52093
52100
52127
52130
52132
52146
52164
52180
52181
52202
52210
52229
52258
52263
52264
52272
52300
52318
52324
52330
52352
52356
52367
52376
52386
52390
52397
52400
52403
52407
52414
52418
52432
52438
52454
52458
52470
52475
52487
52498
52511
52515
52534
52536
52537
52551
52553
52586
52588
52615
52616
52620
52621
52630
52633
52651
52664
52704
52706
52737
52739
52746
52773
52789
52799
52802
52815
52816
52833
52842
52856
52888
52905
52915
52932
52934
52937
52947
52978
52986
52999
53005
53007
53016
53054
53058
53064
53069
53077
53088
53100
53101
53118
53131
53133
53149
53155
53162
53166
53170
53172
53205
53208
53223
53233
53235
53257
53264
53323
53330
53336
53337
53349
53358
53360
53366
53369
53371
53375
53379
53380
53384
53387
53393
53395
53396
53407
53412
53415
53419
53430
53433
53434
53444
53456
53473
53501
53511
53522
53540
53552
53566
53576
53588
53600
53618
53619
53620
53648
53655
53663
53668
53683
53687
53688
53694
53696
53707
53717
53729
53748
53754
53763
53784
53816
53831
53833
53835
53836
53848
53851
53855
53856
53888
53889
53896
53926
53933
53942
53962
53963
53974
53981
53984
53997
54002
54015
54016
54021
54022
54040
54068
54111
54137
54138
54142
54144
54145
54146
54171
54172
54188
54202
54203
54224
54245
54252
54273
54298
54304
54305
54314
54316
54330
54335
54341
54371
54413
54415
54421
54435
54440
54442
54462
54475
54478
54485
54488
54496
54497
54510
54536
54559
54560
54566
54567
54588
54610
54621
54622
54626
54639
54648
54650
54651
54667
54687
54710
54726
54766
54767
54771
54778
54781
54802
54813
54823
54825
54831
54841
54849
54878
54881
54889
54891
54904
54920
54926
54927
54932
54947
54949
54961
54973
54983
54995
55018
55025
55030
55036
55052
55059
55064
55086
55093
55097
55109
55141
55170
55171
55172
55180
55187
55192
55195
55206
55207
55219
55244
55246
55249
55272
55274
55280
55297
55317
55343
55355
55356
55397
55405
55408
55416
55430
55453
55460
55464
55471
55486
55527
55546
55553
55574
55592
55615
55626
55632
55637
55645
55649
55655
55673
55677
55686
55688
55691
55696
55715
55727
55733
55742
55750
55756
55758
55770
55777
55794
55797
55799
55810
55827
55833
55843
55866
55867
55870
55879
55901
55940
55960
55961
55980
55984
56013
56018
56031
56048
56056
56057
56062
56069
56076
56082
56088
56092
56093
56102
56108
56110
56119
56136
56146
56192
56194
56196
56203
56209
56210
56212
56271
56300
56308
56311
56318
56342
56356
56368
56369
56370
56377
56378
56382
56384
56390
56395
56401
56403
56432
56433
56435
56436
56459
56462
56463
56467
56469
56485
56488
56505
56506
56513
56526
56529
56548
56566
56574
56575
56581
56584
56611
56639
56652
56654
56660
56667
56672
56673
56677
56690
56700
56722
56737
56740
56742
56748
56754
56779
56787
56790
56810
56844
56849
56864
56865
56888
56893
56900
56907
56917
56918
56922
56923
56924
56925
56930
56961
56971
56973
56976
56978
56992
57009
57011
57023
57035
57037
57043
57054
57057
57064
57074
57079
57084
57093
57094
57104
57114
57115
57133
57145
57197
57204
57211
57218
57234
57239
57246
57249
57253
57256
57259
57262
57270
57271
57282
57284
57285
57287
57331
57333
57341
57344
57345
57348
57376
57380
57398
57427
57432
57436
57437
57460
57464
57465
57478
57482
57512
57526
57527
57531
57540
57541
57544
57547
57566
57567
57570
57572
57573
57576
57585
57590
57594
57601
57611
57615
57630
57659
57661
57688
57690
57693
57705
57710
57717
57739
57744
57748
57761
57777
57780
57790
57800
57811
57813
57818
57827
57850
57858
57895
57904
57910
57911
57937
57939
57949
57951
57962
57970
57971
57977
57994
58011
58018
58024
58039
58046
58049
58052
58059
58073
58081
58089
58092
58107
58114
58116
58124
58131
58138
58141
58147
58157
58161
58162
58172
58180
58185
58191
58208
58217
58222
58223
58228
58252
58255
58261
58262
58269
58272
58285
58289
58294
58304
58316
58324
58331
58335
58340
58402
58415
58457
58463
58464
58480
58483
58486
58490
58500
58507
58514
58526
58535
58541
58543
58550
58551
58558
58561
58575
58581
58586
58596
58597
58609
58614
58619
58642
58646
58660
58661
58665
58674
58675
58689
58705
58734
58741
58751
58754
58757
58775
58788
58791
58792
58818
58830
58837
58840
58846
58848
58854
58856
58859
58883
58889
58910
58916
58919
58922
58924
58938
58941
58949
58967
58968
58976
58980
58981
59035
59044
59068
59086
59096
59097
59098
59102
59108
59124
59135
59148
59153
59168
59172
59184
59187
59194
59200
59222
59242
59248
59256
59271
59291
59305
59320
59325
59333
59345
59347
59358
59382
59391
59404
59411
59419
59423
59426
59434
59437
59440
59441
59464
59465
59467
59494
59506
59525
59535
59550
59553
59554
59559
59564
59593
59600
59613
59627
59639
59652
59662
59667
59673
59684
59701
59707
59709
59723
59736
59743
59813
59816
59832
59838
59840
59843
59862
59881
59898
59908
59910
59912
59923
59928
59941
59954
59955
59959
59967
59975
59978
59985
59988
60005
60007
60010
60012
60043
60049
60082
60090
60101
60112
60118
60124
60158
60160
60165
60175
60194
60245
60262
60264
60270
60277
60284
60291
60297
60303
60314
60322
60329
60336
60341
60350
60364
60377
60378
60379
60391
60399
60402
60412
60424
60429
60432
60457
60464
60484
60487
60490
60491
60494
60496
60507
60514
60520
60534
60560
60561
60573
60576
60588
60600
60622
60623
60627
60633
60650
60652
60654
60676
60711
60714
60735
60737
60738
60741
60774
60780
60804
60817
60825
60847
60857
60862
60865
60871
60876
60884
60888
60894
60900
60941
60953
60958
60961
60966
60970
60978
60979
60980
60991
60999
61000
61003
61005
61010
61029
61035
61050
61066
61086
61088
61097
61100
61128
61132
61137
61154
61156
61176
61183
61184
61198
61202
61221
61235
61239
61272
61302
61333
61334
61340
61341
61349
61365
61371
61377
61381
61388
61390
61394
61395
61410
61417
61418
61420
61421
61423
61431
61434
61438
61448
61455
61487
61489
61491
61493
61506
61518
61520
61522
61546
61557
61559
61561
61562
61570
61580
61582
61585
61605
61610
61612
61618
61638
61661
61663
61665
61671
61675
61678
61682
61683
61694
61696
61715
61727
61732
61755
61762
61763
61764
61766
61771
61775
61790
61799
61814
61819
61838
61840
61844
61876
61883
61884
61886
61920
61935
61938
61939
61946
61961
61968
62004
62010
62014
62032
62047
62056
62070
62076
62079
62084
62099
62115
62118
62131
62138
62160
62162
62166
62178
62233
62273
62285
62287
62297
62307
62309
62324
62352
62367
62371
62392
62405
62409
62419
62424
62428
62436
62440
62445
62478
62481
62483
62491
62492
62499
62502
62515
62521
62531
62542
62545
62560
62590
62594
62603
62626
62637
62641
62652
62660
62673
62737
62740
62760
62764
62766
62773
62786
62795
62804
62805
62808
62813
62818
62825
62835
62842
62850
62853
62855
62858
62871
62872
62897
62915
62920
62929
62949
62950
62959
62993
62994
62995
63017
63058
63063
63080
63081
63083
63097
63101
63105
63115
63120
63129
63135
63136
63152
63174
63176
63181
63182
63202
63212
63214
63219
63225
63251
63281
63287
63288
63296
63303
63309
63312
63315
63320
63332
63338
63350
63397
63407
63409
63424
63430
63434
63440
63452
63454
63456
63464
63467
63468
63480
63500
63511
63516
63534
63545
63548
63559
63565
63571
63579
63582
63601
63602
63615
63617
63618
63642
63643
63650
63677
63681
63682
63685
63690
63692
63695
63697
63709
63724
63731
63749
63785
63786
63793
63805
63821
63823
63826
63835
63848
63850
63853
63856
63878
63879
63891
63896
63902
63917
63921
63924
63936
63941
63957
63963
63983
63984
64016
64028
64030
64038
64054
64061
64064
64070
64074
64089
64091
64122
64123
64134
64136
64140
64143
64154
64160
64163
64178
64179
64192
64202
64206
64207
64211
64220
64226
64235
64247
64248
64255
64268
64273
64274
64307
64325
64334
64337
64352
64420
64433
64434
64441
64442
64459
64460
64464
64465
64469
64477
64485
64504
64505
64511
64514
64515
64518
64529
64567
64571
64573
64580
64585
64586
64593
64597
64605
64607
64618
64629
64638
64663
64697
64719
64729
64730
64742
64745
64757
64758
64777
64786
64794
64796
64797
64816
64833
64860
64863
64868
64870
64875
64880
64885
64898
64907
64913
64932
64939
64952
64959
64975
64977
64986
64991
65002
65008
65016
65022
65037
65038
65062
65066
65072
65083
65088
65091
65092
65096
65109
65116
65118
65137
65149
65151
65156
65163
65211
65216
65217
65236
65240
65275
65279
65287
65288
65290
65292
65296
65306
65307
65316
65325
65326
65329
65339
65346
65363
65375
65376
65387
65428
65446
65449
65473
65476
65477
65483
65491
65492
65501
65504
65506
65515
65527
65535
65540
65555
65557
65576
65578
65580
65583
65596
65610
65614
65618
65627
65629
65655
65658
65666
65679
65692
65693
65701
65707
65721
65726
65729
65745
65764
65766
65778
65794
65798
65809
65838
65849
65852
65858
65866
65871
65877
65885
65890
65893
65895
65898
65900
65920
65923
65927
65929
65946
65947
65948
65954
65973
65999
66031
66052
66067
66069
66079
66096
66098
66103
66107
66113
66123
66126
66137
66148
66155
66166
66167
66182
66188
66212
66222
66233
66238
66239
66244
66253
66254
66261
66269
66288
66295
66297
66302
66306
66307
66325
66341
66353
66370
66411
66427
66443
66462
66476
66497
66499
66506
66507
66522
66529
66544
66565
66572
66581
66592
66593
66605
66608
66618
66633
66647
66665
66666
66669
66672
66673
66684
66688
66695
66705
66728
66736
66742
66750
66762
66767
66774
66775
66782
66811
66828
66831
66858
66859
66861
66866
66910
66911
66913
66922
66924
66933
66944
66945
66955
66959
66960
66976
67008
67018
67020
67042
67075
67079
67087
67088
67108
67131
67138
67145
67148
67149
67150
67151
67167
67172
67173
67186
67190
67205
67216
67238
67241
67247
67248
67260
67265
67271
67273
67288
67301
67302
67309
67314
67315
67327
67339
67348
67374
67379
67386
67401
67405
67421
67426
67435
67444
67446
67451
67488
67489
67491
67497
67502
67504
67513
67516
67518
67527
67532
67535
67552
67558
67559
67592
67599
67606
67625
67643
67649
67650
67653
67659
67660
67683
67693
67707
67710
67712
67719
67730
67737
67738
67750
67755
67760
67764
67772
67776
67783
67788
67798
67805
67815
67823
67843
67846
67854
67855
67861
67865
67867
67869
67881
67883
67895
67911
67912
67922
67940
67949
67954
67965
67972
67980
67983
67985
68009
68015
68028
68032
68043
68081
68090
68126
68133
68164
68174
68182
68217
68219
68240
68243
68255
68267
68271
68279
68305
68306
68310
68313
68323
68324
68344
68353
68369
68377
68387
68388
68389
68413
68449
68452
68454
68474
68493
68511
68512
68515
68520
68527
68528
68542
68547
68549
68551
68565
68580
68587
68588
68592
68603
68610
68618
68623
68628
68677
68704
68725
68728
68734
68736
68757
68774
68781
68784
68820
68821
68845
68858
68867
68877
68878
68884
68888
68890
68900
68913
68914
68924
68930
68931
68936
68939
68954
68960
68966
68967
68980
68986
68989
68991
69019
69029
69068
69075
69085
69088
69102
69118
69119
69135
69142
69161
69169
69171
69172
69176
69192
69200
69206
69213
69219
69225
69227
69229
69233
69234
69238
69245
69248
69263
69269
69274
69282
69300
69320
69326
69337
69355
69373
69374
69377
69381
69395
69398
69414
69416
69420
69421
69435
69445
69451
69458
69464
69482
69493
69498
69505
69508
69519
69532
69542
69561
69605
69606
69608
69618
69628
69641
69650
69652
69653
69656
69675
69677
69678
69712
69738
69741
69745
69748
69750
69753
69755
69764
69767
69771
69779
69781
69793
69802
69815
69820
69822
69826
69833
69842
69848
69864
69872
69890
69909
69910
69920
69927
69935
69946
69963
69971
69977
69993
70004
70015
70022
70025
70030
70032
70049
70067
70069
70071
70081
70091
70096
70099
70107
70115
70143
70155
70169
70202
70248
70274
70280
70298
70300
70301
70311
70317
70323
70331
70352
70359
70360
70375
70392
70431
70442
70447
70475
70487
70494
70511
70518
70530
70537
70539
70568
70577
70578
70594
70617
70639
70660
70688
70721
70751
70756
70757
70797
70798
70807
70831
70843
70844
70855
70885
70916
70933
70943
70947
70950
70956
70960
70961
70962
70967
70983
70998
71012
71015
71020
71034
71046
71056
71066
71080
71092
71098
71105
71124
71126
71132
71149
71152
71155
71161
71178
71187
71195
71226
71234
71239
71250
71253
71256
71265
71291
71302
71327
71334
71354
71360
71372
71374
71389
71405
71411
71441
71447
71452
71453
71462
71487
71498
71499
71501
71507
71516
71517
71523
71524
71543
71572
71602
71603
71611
71616
71617
71621
71631
71636
71644
71646
71648
71658
71673
71678
71685
71694
71699
71705
71709
71718
71720
71743
71745
71751
71768
71771
71784
71793
71806
71828
71831
71833
71864
71869
71883
71885
71891
71895
71896
71898
71904
71914
71936
71962
71964
71967
72005
72011
72028
72030
72054
72062
72072
72080
72081
72087
72096
72104
72112
72113
72130
72154
72171
72172
72174
72175
72184
72192
72194
72203
72207
72209
72213
72215
72264
72301
72349
72355
72356
72378
72393
72398
72403
72406
72422
72438
72446
72453
72459
72472
72475
72487
72491
72500
72520
72553
72567
72583
72586
72590
72605
72609
72613
72615
72634
72641
72647
72651
72655
72664
72683
72689
72691
72692
72699
72716
72724
72732
72747
72749
72750
72751
72761
72763
72771
72779
72789
72813
72825
72851
72866
72876
72880
72886
72889
72897
72899
72911
72920
72921
72933
72936
72940
72947
72957
72971
72977
72994
73011
73013
73039
73051
73057
73084
73123
73132
73141
73149
73166
73173
73177
73192
73202
73215
73222
73233
73242
73244
73248
73255
73273
73283
73287
73300
73302
73321
73322
73324
73328
73347
73384
73387
73388
73405
73407
73448
73496
73499
73500
73502
73505
73527
73529
73539
73549
73561
73566
73582
73585
73590
73594
73608
73615
73618
73626
73637
73655
73666
73681
73683
73686
73689
73697
73698
73701
73727
73743
73747
73758
73760
73787
73794
73803
73809
73814
73815
73818
73820
73823
73829
73838
73851
73864
73897
73899
73907
73910
73927
73949
73952
73961
73984
73990
74023
74029
74032
74046
74061
74071
74079
74085
74090
74112
74114
74128
74134
74140
74148
74154
74163
74164
74187
74213
74229
74236
74272
74273
74274
74301
74303
74306
74314
74317
74322
74342
74351
74353
74357
74373
74388
74404
74408
74426
74434
74438
74446
74465
74470
74477
74479
74483
74490
74501
74505
74506
74524
74531
74535
74550
74557
74560
74562
74572
74594
74600
74601
74606
74620
74622
74623
74632
74633
74637
74638
74651
74667
74670
74679
74680
74701
74706
74710
74716
74723
74734
74740
74770
74771
74797
74807
74808
74817
74824
74831
74839
74869
74880
74881
74884
74903
74906
74907
74916
74937
74966
74975
74982
74983
74984
74991
75001
75024
75028
75045
75049
75071
75075
75076
75102
75108
75112
75114
75122
75123
75124
75176
75178
75188
75192
75193
75218
75241
75259
75265
75269
75297
75300
75302
75308
75309
75333
75336
75348
75350
75363
75364
75389
75395
75398
75402
75403
75416
75424
75430
75431
75434
75437
75457
75460
75465
75473
75483
75498
75503
75507
75513
75522
75529
75532
75577
75579
75583
75600
75614
75621
75654
75659
75672
75691
75697
75703
75710
75723
75729
75766
75778
75787
75795
75812
75817
75818
75821
75823
75826
75840
75859
75883
75884
75897
75905
75906
75916
75933
75934
75937
75938
75949
75954
75955
75960
75965
75974
75983
75995
76004
76009
76018
76026
76041
76044
76065
76068
76091
76097
76102
76107
76121
76127
76130
76133
76145
76176
76180
76184
76194
76202
76207
76216
76222
76238
76249
76262
76281
76284
76286
76313
76315
76334
76347
76363
76366
76373
76375
76399
76404
76436
76441
76447
76478
76482
76498
76516
76526
76541
76571
76593
76598
76603
76613
76616
76619
76628
76651
76674
76689
76696
76700
76701
76708
76723
76729
76741
76743
76757
76758
76800
76801
76802
76804
76829
76844
76846
76862
76865
76868
76874
76882
76885
76888
76913
76917
76931
76932
76950
76952
76955
76956
76957
76959
76960
76961
76976
76978
77003
77004
77024
77027
77041
77048
77062
77072
77079
77081
77091
77098
77119
77124
77142
77146
77152
77156
77167
77169
77175
77187
77196
77216
77224
77235
77237
77241
77248
77308
77313
77317
77321
77344
77381
77387
77395
77418
77424
77429
77442
77501
77515
77527
77539
77541
77545
77547
77557
77559
77560
77568
77569
77573
77582
77602
77635
77647
77651
77653
77672
77676
77689
77693
77716
77718
77725
77745
77758
77780
77795
77799
77805
77834
77874
77875
77877
77896
77909
77911
77912
77917
77970
78004
78007
78032
78066
78080
78081
78110
78112
78114
78127
78130
78153
78192
78203
78217
78221
78241
78253
78260
78268
78291
78310
78319
78320
78349
78350
78355
78359
78367
78370
78371
78381
78393
78425
78448
78452
78480
78487
78489
78502
78528
78554
78557
78598
78613
78620
78625
78627
78629
78644
78653
78668
78669
78677
78688
78700
78708
78721
78734
78743
78744
78748
78775
78781
78782
78786
78809
78820
78842
78843
78844
78855
78863
78866
78873
78874
78881
78892
78897
78912
78917
78942
78949
78958
78963
78965
78966
78975
79002
79014
79017
79021
79024
79026
79028
79032
79039
79062
79087
79109
79137
79160
79164
79177
79196
79202
79230
79231
79232
79237
79246
79261
79262
79268
79279
79283
79288
79290
79295
79297
79301
79302
79307
79314
79320
79336
79340
79361
79391
79392
79396
79397
79412
79418
79451
79466
79476
79485
79504
79508
79514
79529
79539
79544
79553
79559
79569
79586
79594
79628
79633
79637
79639
79641
79651
79654
79675
79676
79678
79683
79692
79694
79705
79720
79721
79732
79737
79745
79746
79748
79763
79775
79779
79788
79826
79833
79840
79845
79856
79871
79884
79895
79897
79921
79926
79927
79934
79940
79957
79970
79979
79980
80000
80025
80045
80063
80067
80075
80076
80097
80117
80124
80137
80146
80150
80165
80169
80171
80177
80179
80190
80199
80214
80215
80216
80224
80228
80230
80236
80238
80254
80256
80257
80260
80263
80266
80274
80295
80315
80318
80322
80340
80341
80347
80357
80363
80364
80391
80392
80397
80401
80404
80414
80433
80435
80436
80437
80441
80454
80477
80479
80514
80527
80535
80537
80538
80539
80540
80566
80567
80569
80576
80593
80609
80611
80615
80618
80619
80626
80627
80637
80650
80651
80657
80670
80712
80735
80739
80751
80760
80761
80775
80782
80783
80786
80798
80802
80813
80836
80852
80865
80866
80867
80876
80877
80886
80890
80920
80924
80939
80942
80952
80955
80972
80973
80974
80977
80981
81001
81029
81039
81082
81086
81101
81117
81119
81124
81134
81153
81156
81193
81201
81207
81220
81227
81243
81252
81253
81254
81271
81275
81279
81286
81301
81306
81318
81321
81351
81359
81362
81363
81376
81405
81406
81407
81410
81411
81430
81433
81441
81443
81446
81482
81484
81487
81502
81509
81512
81513
81515
81517
81537
81540
81548
81556
81558
81559
81561
81562
81575
81580
81581
81603
81617
81624
81631
81657
81670
81671
81672
81673
81687
81688
81690
81692
81699
81711
81720
81734
81743
81753
81774
81797
81804
81807
81818
81836
81838
81839
81854
81859
81862
81876
81908
81909
81938
81940
81946
81961
81969
81985
81997
82004
82022
82035
82040
82043
82064
82076
82101
82118
82119
82124
82139
82153
82154
82155
82159
82166
82170
82221
82222
82224
82230
82234
82241
82249
82254
82262
82266
82270
82285
82294
82295
82296
82306
82308
82315
82323
82327
82345
82350
82356
82359
82378
82380
82401
82408
82416
82422
82449
82452
82454
82456
82462
82476
82506
82523
82532
82546
82551
82585
82589
82599
82601
82604
82622
82629
82636
82644
82659
82664
82668
82679
82684
82694
82697
82705
82711
82715
82716
82735
82737
82753
82762
82774
82784
82809
82810
82823
82853
82863
82867
82868
82870
82873
82877
82880
82889
82901
82904
82909
82915
82917
82919
82925
82929
82932
82941
82951
82954
82969
82992
83005
83009
83023
83034
83040
83050
83057
83067
83070
83071
83075
83077
83082
83094
83103
83107
83120
83143
83145
83149
83165
83185
83195
83202
83229
83237
83248
83250
83259
83261
83274
83280
83292
83295
83302
83304
83305
83307
83344
83362
83380
83384
83388
83399
83400
83409
83423
83430
83435
83440
83444
83449
83458
83459
83483
83490
83494
83501
83506
83533
83553
83558
83566
83568
83571
83575
83590
83598
83599
83603
83628
83637
83645
83654
83687
83700
83701
83721
83723
83724
83745
83752
83758
83765
83767
83771
83783
83792
83797
83829
83839
83852
83865
83871
83872
83890
83926
83936
83976
83980
83981
83998
84028
84030
84033
84038
84045
84066
84070
84072
84092
84101
84107
84108
84118
84119
84127
84140
84146
84152
84164
84165
84171
84212
84216
84246
84250
84255
84256
84258
84259
84261
84276
84281
84282
84286
84293
84294
84313
84323
84325
84326
84330
84332
84345
84372
84373
84382
84402
84409
84415
84417
84422
84460
84483
84500
84504
84518
84520
84524
84534
84535
84551
84560
84577
84589
84593
84601
84608
84624
84634
84636
84638
84642
84646
84651
84652
84661
84664
84673
84704
84709
84718
84731
84750
84751
84755
84758
84787
84802
84805
84817
84820
84828
84837
84849
84860
84878
84879
84886
84888
84897
84899
84920
84922
84931
84932
84938
84946
84977
84991
85034
85062
85067
85073
85077
85081
85085
85099
85121
85141
85151
85163
85168
85187
85204
85216
85231
85232
85241
85244
85250
85263
85270
85272
85277
85306
85315
85338
85353
85369
85374
85388
85392
85403
85416
85423
85428
85433
85435
85437
85446
85463
85470
85489
85494
85502
85515
85521
85523
85548
85558
85587
85593
85615
85622
85635
85636
85643
85645
85659
85667
85668
85681
85691
85700
85702
85703
85758
85764
85775
85789
85798
85809
85826
85835
85841
85847
85882
85887
85898
85900
85901
85923
85940
85941
85956
85963
85969
85973
85986
85994
86008
86019
86036
86038
86049
86117
86137
86155
86156
86183
86194
86202
86214
86215
86216
86219
86223
86224
86228
86232
86244
86255
86266
86278
86279
86289
86300
86310
86325
86334
86339
86344
86347
86348
86349
86353
86358
86360
86374
86383
86396
86429
86433
86437
86443
86444
86461
86484
86528
86535
86537
86540
86541
86543
86544
86549
86565
86580
86582
86599
86611
86616
86621
86632
86635
86638
86648
86665
86668
86673
86675
86676
86683
86704
86707
86725
86737
86757
86765
86766
86814
86823
86831
86835
86838
86851
86859
86867
86870
86897
86898
86906
86909
86923
86925
86930
86966
86985
87010
87015
87016
87017
87041
87048
87065
87066
87074
87075
87090
87097
87100
87106
87117
87128
87144
87154
87164
87167
87179
87195
87215
87225
87226
87234
87238
87265
87284
87305
87307
87308
87315
87333
87334
87347
87351
87357
87419
87420
87425
87428
87432
87443
87453
87457
87458
87459
87476
87477
87484
87514
87517
87527
87542
87544
87547
87559
87564
87568
87569
87570
87577
87592
87604
87608
87610
87612
87615
87624
87638
87641
87661
87668
87674
87684
87685
87687
87705
87717
87731
87736
87759
87763
87782
87788
87798
87799
87815
87818
87823
87854
87855
87861
87862
87866
87878
87895
87898
87900
87905
87926
87932
87942
87949
87963
87965
88006
88040
88061
88065
88070
88081
88085
88086
88094
88102
88110
88129
88146
88150
88197
88215
88223
88229
88232
88236
88238
88257
88275
88284
88292
88294
88308
88324
88326
88331
88340
88344
88352
88363
88370
88374
88382
88385
88395
88412
88418
88425
88428
88442
88449
88476
88477
88490
88504
88515
88530
88551
88556
88561
88567
88575
88583
88585
88591
88603
88629
88634
88648
88649
88656
88666
88684
88691
88695
88698
88715
88720
88737
88742
88752
88758
88759
88761
88777
88779
88780
88798
88814
88818
88835
88839
88841
88843
88852
88880
88890
88910
88919
88922
88925
88931
88943
88949
88952
88966
88979
88987
89000
89007
89010
89012
89016
89031
89036
89045
89058
89060
89061
89072
89084
89086
89097
89108
89110
89132
89145
89163
89185
89208
89212
89225
89233
89236
89260
89267
89273
89276
89297
89302
89320
89322
89326
89337
89354
89362
89376
89390
89392
89412
89425
89434
89441
89444
89452
89456
89470
89476
89485
89487
89490
89501
89503
89506
89516
89519
89521
89546
89558
89567
89574
89579
89580
89589
89598
89599
89605
89620
89631
89632
89639
89642
89648
89676
89677
89706
89712
89721
89727
89743
89751
89782
89785
89803
89804
89805
89821
89829
89839
89843
89849
89857
89858
89863
89867
89868
89877
89882
89885
89886
89887
89890
89907
89915
89917
89918
89927
89935
89944
89957
89958
89962
89968
89970
90005
90011
90012
90015
90027
90028
90029
90032
90042
90048
90068
90074
90076
90096
90111
90125
90132
90143
90146
90159
90169
90173
90193
90196
90237
90241
90262
90285
90286
90289
90296
90317
90320
90323
90343
90354
90359
90361
90364
90374
90379
90384
90426
90432
90433
90438
90448
90449
90455
90456
90466
90467
90472
90473
90477
90486
90487
90497
90500
90529
90538
90544
90556
90563
90567
90575
90584
90611
90622
90650
90663
90665
90670
90678
90701
90710
90711
90722
90734
90739
90760
90761
90766
90775
90813
90815
90838
90854
90886
90890
90895
90897
90901
90907
90918
90925
90935
90939
90968
90986
90998
91001
91003
91014
91027
91029
91040
91044
91045
91048
91049
91053
91054
91055
91077
91084
91102
91103
91113
91122
91141
91145
91153
91161
91177
91205
91213
91219
91220
91228
91231
91235
91250
91259
91288
91289
91313
91322
91324
91327
91338
91347
91364
91366
91393
91397
91400
91405
91407
91412
91420
91421
91425
91436
91446
91462
91470
91475
91476
91527
91536
91539
91552
91560
91571
91600
91601
91604
91620
91629
91635
91650
91656
91664
91666
91694
91710
91712
91735
91750
91764
91776
91778
91783
91788
91792
91807
91814
91816
91842
91847
91854
91861
91875
91884
91890
91902
91912
91933
91945
91949
91951
91955
91957
91958
91963
91987
92022
92045
92050
92059
92070
92084
92085
92086
92142
92148
92150
92152
92153
92163
92166
92172
92204
92207
92210
92212
92216
92231
92233
92250
92255
92282
92297
92298
92308
92309
92311
92324
92340
92344
92345
92367
92371
92379
92382
92392
92406
92433
92442
92469
92471
92478
92488
92504
92509
92518
92522
92523
92529
92531
92532
92543
92553
92558
92561
92578
92589
92604
92612
92619
92625
92630
92636
92641
92643
92648
92683
92708
92711
92716
92718
92719
92726
92727
92731
92745
92746
92747
92753
92772
92786
92795
92796
92799
92800
92809
92827
92838
92839
92842
92861
92874
92875
92877
92895
92900
92917
92922
92936
92945
92970
92982
92992
93005
93018
93033
93038
93039
93042
93070
93085
93090
93096
93101
93119
93140
93141
93146
93160
93165
93194
93197
93213
93215
93217
93244
93247
93252
93261
93262
93283
93296
93310
93316
93321
93326
93335
93355
93371
93377
93380
93383
93412
93437
93443
93477
93503
93514
93527
93565
93572
93595
93598
93606
93626
93638
93645
93657
93660
93662
93671
93673
93676
93678
93692
93699
93702
93715
93735
93777
93778
93782
93783
93794
93817
93820
93836
93840
93844
93847
93856
93858
93872
93876
93878
93879
93885
93888
93893
93901
93912
93950
93952
93954
93955
93957
93961
93968
93969
93970
93975
93985
93992
94011
94021
94023
94036
94050
94071
94086
94088
94099
94105
94109
94117
94130
94143
94153
94177
94194
94217
94231
94263
94268
94287
94306
94318
94321
94338
94340
94349
94355
94368
94371
94375
94381
94388
94403
94427
94428
94441
94446
94454
94475
94479
94488
94504
94510
94512
94516
94526
94527
94530
94577
94589
94591
94594
94622
94627
94636
94637
94640
94642
94646
94649
94652
94660
94663
94678
94687
94689
94703
94727
94731
94740
94746
94781
94793
94795
94799
94800
94806
94816
94822
94825
94830
94844
94846
94852
94860
94868
94881
94894
94911
94925
94926
94929
94930
94942
94965
94967
94968
94972
95005
95006
95014
95055
95066
95079
95090
95096
95133
95137
95141
95143
95144
95158
95164
95169
95171
95176
95177
95185
95186
95196
95221
95225
95245
95246
95265
95274
95277
95282
95284
95286
95287
95304
95313
95315
95320
95324
95336
95343
95350
95353
95357
95369
95381
95393
95401
95411
95420
95422
95424
95431
95441
95462
95465
95469
95472
95475
95500
95532
95586
95603
95604
95610
95645
95671
95672
95676
95687
95694
95710
95719
95731
95741
95751
95779
95796
95805
95806
95813
95817
95826
95855
95871
95892
95898
95899
95924
95926
95937
95939
95945
95952
95973
95975
95986
95994
96005
96019
96028
96055
96069
96072
96082
96096
96101
96103
96107
96125
96147
96167
96180
96189
96190
96214
96231
96236
96239
96253
96257
96273
96284
96296
96297
96314
96321
96322
96324
96325
96345
96358
96405
96414
96425
96435
96469
96480
96487
96500
96504
96511
96513
96515
96522
96527
96530
96532
96555
96560
96572
96585
96592
96600
96620
96631
96637
96661
96671
96684
96685
96709
96710
96719
96722
96723
96737
96738
96739
96745
96747
96751
96762
96764
96774
96775
96783
96791
96816
96818
96826
96833
96837
96855
96865
96866
96882
96900
96909
96921
96944
96953
96954
96973
96982
96988
96999
97001
97010
97014
97019
97025
97042
97056
97070
97077
97094
97103
97109
97111
97120
97123
97126
97130
97136
97139
97140
97148
97149
97158
97159
97162
97178
97205
97222
97233
97238
97241
97290
97315
97321
97356
97380
97381
97382
97394
97396
97422
97447
97471
97472
97496
97503
97511
97521
97523
97528
97533
97543
97560
97580
97584
97587
97599
97630
97632
97642
97670
97684
97685
97692
97693
97709
97713
97725
97754
97755
97763
97767
97788
97795
97801
97811
97812
97831
97836
97864
97865
97903
97909
97913
97922
97947
97959
97975
98039
98044
98046
98047
98051
98064
98071
98077
98093
98114
98125
98153
98154
98190
98202
98207
98231
98235
98252
98254
98260
98264
98267
98280
98281
98308
98312
98317
98328
98340
98362
98423
98426
98433
98434
98441
98457
98467
98471
98473
98483
98489
98492
98496
98501
98502
98506
98513
98515
98535
98553
98558
98569
98577
98587
98599
98601
98628
98632
98692
98695
98702
98706
98713
98715
98717
98742
98751
98754
98755
98758
98766
98822
98828
98848
98861
98862
98865
98869
98890
98905
98917
98926
98945
98962
98978
98981
98993
99000
99003
99012
99030
99038
99055
99057
99070
99087
99102
99112
99113
99124
99126
99129
99130
99144
99151
99161
99162
99193
99194
99201
99202
99222
99229
99232
99252
99253
99265
99273
99294
99296
99303
99314
99318
99325
99328
99337
99338
99340
99347
99358
99385
99395
99408
99426
99448
99451
99453
99460
99463
99464
99492
99498
99508
99533
99545
99547
99550
99560
99572
99574
99583
99612
99619
99623
99641
99645
99647
99664
99674
99703
99712
99718
99719
99753
99756
99768
99786
99793
99867
99890
99900
99919
99924
99927
99950
99975
99989
99993
