17
47
67
83
84
86
87
89
92
101
102
120
122
137
146
150
156
158
169
172
184
185
205
210
214
236
237
240
241
249
265
276
287
301
328
334
337
346
348
349
350
358
372
404
427
429
439
440
447
452
470
474
481
500
517
519
520
528
539
540
542
550
553
561
564
567
574
594
597
605
611
623
626
637
656
660
661
666
681
688
713
728
737
763
766
770
779
791
793
794
802
807
818
819
821
834
846
865
867
871
877
884
895
899
906
913
915
916
918
925
938
942
955
956
965
967
976
983
985
1005
1013
1017
1029
1032
1039
1047
1051
1053
1059
1077
1078
1081
1095
1098
1103
1128
1129
1162
1199
1202
1213
1217
1218
1227
1230
1232
1236
1242
1264
1266
1268
1275
1289
1293
1299
1300
1312
1314
1318
1354
1358
1373
1383
1394
1396
1401
1402
1406
1407
1417
1418
1427
1430
1431
1433
1435
1436
1445
1451
1453
1459
1463
1465
1487
1511
1522
1551
1564
1565
1587
1588
1602
1621
1625
1628
1647
1663
1664
1677
1688
1775
1780
1782
1788
1802
1808
1809
1811
1824
1836
1846
1860
1867
1892
1916
1917
1937
1946
1949
1966
1986
2000
2005
2017
2018
2022
2043
2046
2057
2067
2072
2074
2084
2088
2094
2096
2120
2140
2152
2154
2170
2180
2184
2195
2210
2217
2220
2236
2241
2242
2248
2263
2264
2278
2286
2289
2291
2295
2310
2323
2325
2328
2334
2347
2348
2351
2354
2363
2366
2380
2418
2436
2449
2464
2494
2498
2505
2511
2534
2538
2558
2600
2616
2628
2630
2649
2654
2662
2671
2673
2674
2684
2695
2701
2710
2736
2739
2741
2756
2762
2764
2773
2776
2777
2785
2812
2831
2843
2860
2872
2875
2883
2892
2897
2908
2911
2932
2950
2952
2963
2968
2969
2974
2985
2988
2990
2995
2998
3000
3005
3011
3028
3031
3032
3037
3049
3051
3056
3067
3069
3070
3095
3118
3133
3137
3141
3156
3162
3170
3187
3188
3204
3219
3225
3227
3241
3271
3289
3299
3301
3304
3306
3314
3316
3320
3353
3367
3380
3382
3387
3403
3416
3417
3430
3438
3459
3465
3467
3468
3474
3481
3483
3495
3499
3506
3510
3513
3521
3528
3533
3569
3570
3573
3577
3597
3600
3623
3632
3639
3642
3644
3645
3652
3657
3659
3661
3665
3667
3675
3682
3693
3694
3699
3711
3722
3725
3731
3753
3758
3762
3765
3769
3804
3812
3814
3820
3822
3826
3830
3832
3835
3839
3861
3882
3886
3889
3898
3900
3911
3912
3923
3933
3946
3956
3957
3961
3977
3995
3999
4036
4042
4045
4048
4057
4058
4062
4076
4089
4091
4093
4106
4117
4120
4134
4136
4143
4145
4161
4164
4176
4181
4183
4216
4227
4242
4243
4248
4251
4268
4283
4298
4312
4313
4329
4331
4332
4335
4355
4359
4361
4380
4383
4398
4400
4417
4421
4426
4427
4436
4441
4449
4469
4473
4489
4491
4492
4495
4516
4524
4535
4550
4558
4561
4562
4569
4600
4603
4610
4614
4624
4629
4632
4633
4643
4656
4657
4664
4685
4696
4698
4699
4700
4715
4726
4727
4728
4730
4743
4766
4788
4791
4806
4813
4816
4818
4830
4838
4862
4864
4865
4885
4886
4894
4898
4901
4907
4931
4946
4947
4955
4962
4968
4985
4994
4998
5011
5023
5033
5035
5037
5047
5053
5060
5076
5081
5088
5090
5092
5098
5099
5103
5117
5133
5138
5148
5149
5150
5153
5155
5159
5162
5180
5189
5208
5209
5213
5243
5249
5255
5256
5268
5290
5292
5297
5298
5300
5301
5323
5326
5329
5341
5349
5361
5373
5377
5383
5384
5388
5397
5398
5399
5423
5434
5449
5454
5456
5468
5474
5478
5482
5485
5490
5495
5505
5514
5519
5520
5536
5539
5563
5572
5586
5587
5594
5599
5608
5621
5628
5632
5633
5649
5650
5656
5662
5665
5674
5690
5695
5702
5704
5720
5735
5739
5760
5766
5793
5804
5810
5820
5837
5839
5857
5859
5863
5865
5867
5871
5886
5905
5915
5928
5935
5936
5940
5951
5958
5962
5969
5975
5981
6047
6049
6056
6073
6074
6075
6083
6091
6093
6109
6122
6142
6164
6170
6171
6172
6178
6190
6206
6217
6224
6227
6244
6251
6255
6258
6271
6284
6286
6300
6304
6306
6327
6372
6375
6397
6410
6411
6419
6446
6451
6464
6465
6468
6472
6481
6482
6486
6487
6500
6507
6512
6519
6521
6523
6534
6538
6541
6548
6569
6575
6592
6605
6633
6636
6640
6641
6652
6656
6663
6666
6668
6702
6705
6711
6727
6728
6742
6747
6756
6776
6794
6799
6803
6807
6817
6828
6840
6851
6853
6863
6877
6879
6897
6902
6904
6936
6942
6958
6966
6967
6968
6971
6972
6977
6992
6994
6995
7002
7007
7034
7041
7056
7059
7063
7066
7087
7090
7095
7102
7109
7118
7128
7135
7136
7139
7149
7156
7170
7188
7192
7194
7257
7276
7309
7324
7350
7351
7352
7371
7377
7378
7389
7394
7404
7409
7417
7423
7428
7446
7465
7469
7470
7480
7489
7520
7528
7529
7535
7542
7544
7562
7565
7567
7570
7576
7585
7603
7608
7619
7620
7624
7633
7638
7642
7657
7684
7696
7698
7700
7702
7707
7726
7732
7733
7734
7737
7757
7769
7777
7778
7794
7798
7813
7830
7854
7858
7864
7888
7900
7921
7922
7928
7934
7941
7958
7960
7975
7984
7986
8005
8014
8024
8028
8040
8068
8074
8087
8104
8115
8137
8160
8166
8171
8178
8180
8198
8210
8215
8222
8239
8250
8257
8264
8275
8282
8292
8302
8306
8313
8320
8331
8339
8342
8349
8353
8367
8402
8409
8415
8416
8423
8425
8427
8441
8443
8454
8457
8476
8480
8482
8494
8497
8505
8507
8522
8554
8558
8562
8566
8571
8572
8578
8604
8611
8613
8626
8639
8658
8687
8690
8696
8698
8733
8751
8762
8767
8786
8793
8804
8810
8818
8828
8831
8835
8842
8846
8859
8863
8872
8873
8875
8882
8886
8888
8906
8913
8918
8943
8947
8952
8957
8960
8967
8968
8973
8978
8985
8986
8988
9010
9012
9017
9027
9033
9045
9083
9086
9091
9097
9107
9115
9120
9136
9139
9146
9151
9168
9174
9185
9209
9214
9219
9221
9227
9228
9245
9249
9272
9280
9282
9293
9315
9326
9336
9361
9374
9390
9394
9396
9405
9416
9423
9435
9436
9442
9445
9456
9466
9478
9479
9481
9490
9496
9504
9516
9520
9543
9562
9567
9597
9623
9657
9665
9681
9693
9696
9710
9711
9713
9718
9720
9723
9729
9745
9749
9767
9769
9805
9806
9808
9811
9815
9823
9828
9848
9849
9853
9855
9856
9858
9863
9866
9872
9885
9904
9910
9915
9924
9935
9944
9958
10001
10012
10027
10033
10045
10064
10068
10078
10079
10081
10082
10087
10104
10108
10115
10136
10154
10167
10181
10195
10196
10204
10208
10212
10221
10237
10244
10258
10269
10274
10287
10295
10300
10308
10311
10332
10349
10352
10363
10370
10374
10377
10392
10399
10408
10419
10424
10429
10439
10440
10455
10456
10462
10464
10474
10479
10480
10509
10559
10573
10578
10586
10592
10604
10613
10623
10635
10636
10639
10642
10643
10646
10660
10669
10670
10689
10695
10702
10715
10728
10729
10737
10738
10741
10749
10753
10763
10772
10773
10793
10803
10809
10812
10823
10828
10829
10830
10839
10840
10848
10849
10887
10899
10902
10913
10923
10924
10941
10961
10968
10978
10993
10996
11000
11001
11002
11008
11034
11066
11070
11078
11092
11096
11113
11114
11125
11165
11174
11176
11202
11209
11227
11231
11247
11258
11277
11278
11279
11281
11289
11297
11305
11313
11328
11354
11363
11372
11381
11397
11412
11427
11442
11450
11464
11471
11476
11477
11483
11502
11511
11521
11524
11539
11541
11569
11573
11577
11594
11604
11611
11614
11616
11620
11622
11626
11640
11669
11680
11686
11688
11693
11710
11720
11727
11754
11759
11761
11766
11781
11794
11796
11797
11805
11866
11880
11886
11892
11896
11925
11932
11942
11943
11950
11966
11981
11984
11986
11988
11992
12014
12036
12065
12069
12070
12085
12087
12108
12118
12119
12133
12135
12136
12137
12156
12164
12165
12172
12175
12179
12183
12190
12191
12227
12238
12242
12253
12258
12259
12261
12267
12269
12276
12282
12288
12299
12306
12307
12318
12321
12338
12358
12366
12396
12400
12410
12414
12415
12421
12424
12425
12432
12434
12460
12463
12468
12470
12474
12480
12482
12483
12486
12493
12503
12529
12552
12570
12582
12583
12591
12592
12593
12611
12620
12633
12641
12643
12645
12659
12663
12683
12690
12694
12719
12720
12723
12727
12739
12759
12772
12774
12782
12786
12802
12804
12813
12815
12818
12819
12823
12826
12829
12841
12859
12865
12868
12877
12882
12884
12904
12905
12909
12929
12934
12942
12944
12956
12970
12980
13002
13004
13006
13011
13015
13019
13025
13051
13058
13078
13085
13087
13118
13144
13151
13152
13155
13156
13160
13173
13178
13179
13181
13184
13187
13212
13226
13235
13245
13255
13256
13259
13262
13263
13269
13273
13274
13275
13288
13320
13322
13330
13349
13351
13354
13361
13362
13364
13374
13379
13398
13404
13446
13454
13458
13473
13481
13502
13538
13548
13555
13591
13595
13602
13615
13616
13623
13634
13636
13643
13655
13657
13707
13709
13713
13726
13734
13738
13744
13748
13750
13755
13762
13771
13779
13781
13802
13827
13840
13844
13857
13868
13871
13880
13899
13911
13927
13953
13954
13988
13989
13997
13999
14000
14002
14013
14016
14017
14029
14032
14043
14056
14060
14068
14073
14097
14112
14142
14160
14162
14163
14170
14175
14176
14203
14207
14218
14226
14240
14251
14257
14264
14270
14281
14282
14285
14308
14328
14332
14334
14340
14352
14365
14369
14372
14387
14402
14407
14420
14424
14457
14460
14472
14474
14501
14505
14506
14509
14523
14528
14531
14537
14541
14555
14556
14573
14587
14606
14609
14624
14629
14633
14636
14649
14655
14689
14709
14763
14766
14768
14778
14787
14790
14797
14802
14814
14817
14820
14838
14840
14855
14856
14860
14883
14900
14904
14906
14908
14910
14911
14912
14931
14940
14957
14968
14975
14976
14987
15004
15012
15023
15036
15037
15054
15060
15073
15084
15086
15111
15126
15130
15141
15153
15182
15190
15197
15199
15206
15210
15212
15213
15226
15227
15230
15238
15265
15279
15290
15291
15292
15303
15313
15320
15324
15335
15351
15360
15367
15370
15392
15398
15403
15405
15417
15424
15429
15450
15466
15472
15474
15487
15490
15492
15500
15501
15520
15521
15527
15533
15534
15548
15566
15569
15581
15582
15583
15600
15623
15645
15655
15658
15665
15666
15671
15724
15726
15748
15750
15763
15766
15775
15785
15799
15803
15830
15839
15846
15873
15876
15878
15889
15901
15906
15909
15910
15911
15925
15941
15952
15954
15957
15958
15962
15976
15982
15985
15986
15993
16008
16010
16016
16033
16034
16036
16041
16048
16049
16065
16070
16092
16095
16099
16115
16118
16122
16143
16148
16155
16165
16173
16176
16190
16205
16227
16231
16235
16254
16265
16270
16291
16298
16299
16304
16306
16308
16309
16315
16328
16335
16336
16347
16363
16373
16387
16388
16404
16406
16412
16413
16417
16418
16424
16441
16442
16454
16459
16465
16496
16503
16509
16513
16521
16527
16533
16537
16550
16567
16568
16574
16580
16597
16617
16618
16644
16670
16672
16691
16705
16710
16712
16719
16762
16770
16772
16776
16784
16791
16792
16796
16799
16804
16817
16818
16820
16832
16833
16850
16861
16866
16870
16872
16876
16880
16883
16887
16891
16895
16906
16918
16920
16933
16938
16947
16949
16954
16973
16978
16981
16983
16986
16996
16999
17007
17012
17025
17027
17034
17041
17046
17048
17060
17069
17080
17081
17090
17109
17135
17167
17181
17195
17196
17208
17234
17246
17253
17271
17276
17285
17290
17296
17299
17304
17305
17320
17342
17361
17362
17379
17383
17393
17400
17401
17403
17414
17424
17432
17437
17451
17452
17454
17460
17481
17482
17502
17534
17544
17555
17562
17563
17573
17575
17579
17611
17620
17628
17635
17643
17660
17669
17681
17703
17706
17712
17713
17726
17735
17745
17761
17779
17781
17785
17809
17813
17819
17832
17838
17839
17844
17855
17874
17915
17922
17927
17935
17940
17942
17944
17955
17969
17972
17974
17980
17981
17993
18010
18015
18016
18031
18033
18065
18068
18069
18078
18091
18096
18142
18163
18164
18166
18177
18180
18190
18201
18203
18204
18211
18233
18239
18240
18256
18260
18268
18274
18279
18280
18282
18298
18302
18307
18339
18360
18391
18403
18409
18413
18420
18422
18426
18427
18431
18437
18444
18453
18471
18475
18488
18491
18503
18532
18545
18554
18579
18582
18595
18596
18607
18616
18624
18631
18632
18637
18646
18660
18671
18672
18674
18681
18686
18693
18694
18697
18703
18718
18750
18778
18780
18801
18815
18816
18845
18849
18859
18865
18874
18884
18887
18907
18921
18924
18928
18931
18942
18945
18946
18951
18973
18974
18984
18986
18994
19002
19005
19025
19033
19035
19039
19046
19050
19052
19059
19063
19080
19106
19117
19145
19146
19155
19160
19169
19175
19176
19178
19180
19182
19187
19192
19212
19217
19223
19229
19230
19257
19262
19275
19301
19340
19343
19351
19354
19356
19362
19366
19368
19375
19377
19382
19415
19439
19441
19452
19458
19460
19469
19490
19492
19498
19507
19508
19514
19522
19529
19533
19542
19593
19599
19608
19609
19616
19635
19687
19701
19708
19717
19721
19732
19733
19742
19744
19751
19761
19772
19773
19774
19786
19787
19812
19828
19832
19845
19847
19848
19864
19887
19891
19904
19907
19916
19928
19946
19952
19953
19959
19971
19974
19980
20014
20016
20021
20038
20049
20056
20066
20080
20083
20116
20126
20128
20130
20132
20134
20143
20152
20154
20160
20162
20173
20176
20185
20190
20195
20214
20216
20260
20263
20277
20284
20303
20304
20312
20316
20332
20367
20373
20379
20383
20388
20391
20414
20415
20430
20437
20441
20444
20465
20469
20471
20479
20485
20495
20505
20536
20542
20543
20549
20554
20571
20574
20586
20594
20601
20611
20612
20640
20647
20665
20668
20673
20676
20685
20689
20696
20708
20711
20712
20714
20717
20728
20730
20735
20736
20737
20744
20766
20770
20775
20781
20788
20793
20803
20804
20812
20824
20831
20832
20842
20865
20867
20871
20894
20899
20902
20920
20937
20957
20959
20963
20967
20973
20979
20981
20990
20999
21001
21008
21021
21036
21050
21057
21059
21060
21069
21073
21074
21075
21085
21095
21102
21103
21107
21116
21133
21143
21147
21150
21152
21158
21189
21191
21192
21228
21239
21244
21249
21250
21265
21275
21282
21289
21294
21295
21305
21307
21329
21341
21346
21347
21365
21375
21380
21389
21390
21391
21414
21417
21420
21421
21439
21454
21484
21487
21537
21543
21547
21577
21583
21589
21600
21601
21632
21633
21637
21669
21682
21706
21711
21714
21722
21739
21755
21758
21765
21766
21768
21772
21777
21783
21790
21796
21805
21815
21827
21838
21844
21871
21879
21889
21894
21909
21915
21936
21949
21955
21956
21969
21970
21980
21986
21995
22001
22005
22007
22017
22022
22023
22025
22037
22044
22052
22056
22060
22063
22066
22084
22098
22102
22105
22111
22117
22126
22128
22141
22143
22148
22162
22174
22195
22199
22203
22209
22222
22226
22261
22276
22278
22285
22291
22310
22313
22314
22329
22333
22341
22350
22355
22364
22384
22398
22400
22408
22418
22440
22461
22464
22468
22487
22494
22502
22534
22541
22546
22549
22550
22553
22570
22571
22574
22581
22598
22605
22607
22618
22627
22628
22649
22652
22660
22663
22683
22689
22695
22706
22710
22724
22736
22753
22754
22759
22761
22762
22763
22777
22782
22796
22807
22823
22828
22830
22846
22856
22860
22870
22872
22874
22882
22883
22889
22891
22893
22923
22931
22933
22943
22957
22960
22965
22977
22980
22984
22999
23009
23040
23068
23071
23091
23094
23095
23103
23110
23122
23123
23142
23149
23162
23180
23203
23206
23209
23218
23223
23228
23241
23253
23258
23259
23272
23275
23276
23277
23302
23305
23320
23355
23364
23366
23372
23401
23404
23408
23435
23479
23488
23497
23499
23501
23507
23520
23529
23543
23550
23583
23598
23603
23612
23666
23678
23682
23694
23698
23710
23730
23736
23739
23746
23748
23753
23757
23772
23774
23804
23805
23811
23827
23830
23833
23843
23845
23855
23858
23864
23868
23871
23873
23882
23889
23897
23899
23902
23915
23942
23946
23956
23959
23971
23975
23976
23989
23994
24010
24017
24031
24041
24042
24043
24065
24073
24091
24100
24106
24142
24147
24148
24150
24156
24169
24195
24197
24221
24233
24245
24252
24266
24272
24274
24285
24291
24301
24307
24325
24326
24345
24351
24352
24370
24373
24394
24403
24421
24453
24458
24465
24477
24503
24511
24514
24526
24533
24535
24541
24542
24549
24560
24587
24594
24608
24611
24616
24627
24630
24658
24680
24690
24699
24715
24723
24724
24736
24742
24754
24766
24771
24782
24796
24817
24833
24848
24861
24862
24864
24868
24907
24909
24940
24941
24951
24968
24996
25017
25029
25032
25113
25119
25127
25129
25138
25141
25151
25154
25167
25168
25174
25188
25218
25219
25232
25264
25272
25306
25316
25326
25333
25334
25343
25351
25357
25375
25376
25387
25391
25395
25416
25421
25424
25428
25439
25457
25460
25467
25469
25473
25487
25510
25522
25540
25555
25567
25576
25582
25585
25596
25603
25611
25620
25622
25634
25635
25652
25655
25662
25674
25677
25689
25706
25707
25710
25712
25724
25725
25727
25732
25758
25778
25792
25796
25803
25804
25860
25862
25865
25870
25874
25878
25886
25891
25893
25903
25907
25911
25912
25929
25940
25946
25947
25951
25957
25958
25963
25993
25994
26012
26025
26043
26051
26065
26088
26089
26093
26095
26097
26110
26121
26137
26138
26151
26154
26157
26161
26167
26170
26190
26196
26199
26202
26203
26207
26208
26238
26291
26305
26318
26327
26335
26359
26362
26378
26383
26386
26399
26411
26414
26430
26432
26440
26452
26466
26468
26469
26471
26476
26480
26508
26510
26516
26521
26523
26524
26534
26536
26541
26552
26557
26566
26569
26570
26573
26576
26581
26588
26593
26594
26631
26634
26654
26658
26684
26687
26693
26730
26731
26738
26755
26759
26809
26817
26827
26829
26834
26836
26844
26852
26861
26905
26922
26935
26937
26944
26950
26953
26959
26963
26970
26977
26978
26981
26983
26988
26991
27009
27018
27022
27031
27059
27061
27064
27083
27109
27110
27112
27116
27117
27141
27145
27162
27164
27173
27174
27176
27177
27178
27189
27192
27195
27197
27207
27217
27226
27230
27234
27239
27263
27271
27276
27290
27313
27388
27394
27399
27419
27442
27444
27445
27453
27465
27472
27482
27496
27512
27516
27525
27540
27541
27542
27543
27553
27562
27569
27573
27581
27616
27617
27621
27623
27624
27625
27638
27652
27709
27725
27727
27730
27732
27739
27750
27753
27758
27763
27771
27783
27790
27797
27810
27812
27818
27821
27824
27830
27834
27853
27875
27876
27878
27888
27902
27909
27917
27920
27945
27954
27973
27976
27982
27986
27996
28003
28015
28021
28030
28056
28058
28070
28083
28122
28131
28133
28138
28143
28161
28175
28191
28197
28216
28225
28229
28246
28249
28253
28261
28269
28270
28280
28298
28303
28311
28321
28339
28348
28350
28351
28364
28402
28404
28417
28440
28448
28456
28464
28472
28503
28509
28520
28522
28543
28549
28551
28557
28564
28575
28586
28587
28596
28598
28604
28605
28618
28628
28629
28637
28655
28658
28665
28707
28710
28719
28724
28730
28758
28763
28785
28787
28791
28810
28816
28819
28820
28822
28843
28848
28850
28852
28853
28870
28880
28888
28906
28913
28924
28930
28931
28934
28939
28940
28942
28948
28949
28950
28964
28966
28968
28971
28973
28974
28980
28992
29005
29006
29035
29047
29051
29076
29077
29080
29099
29107
29108
29109
29112
29119
29127
29131
29140
29149
29155
29162
29176
29178
29187
29195
29211
29226
29229
29230
29270
29271
29290
29295
29309
29310
29311
29316
29329
29340
29348
29372
29382
29392
29393
29397
29400
29412
29414
29418
29424
29435
29447
29458
29459
29484
29485
29489
29506
29507
29515
29524
29533
29535
29551
29555
29566
29569
29578
29580
29581
29589
29594
29599
29622
29626
29629
29643
29647
29648
29654
29658
29685
29695
29704
29710
29723
29724
29727
29746
29756
29759
29767
29773
29776
29780
29791
29796
29797
29814
29822
29837
29861
29870
29879
29881
29884
29890
29896
29903
29907
29910
29912
29923
29928
29940
29945
29947
29961
29977
29981
29986
30007
30011
30027
30028
30031
30033
30040
30057
30082
30085
30092
30096
30098
30108
30115
30126
30149
30161
30174
30187
30196
30199
30200
30202
30209
30251
30261
30265
30266
30270
30289
30291
30292
30302
30308
30325
30354
30355
30360
30366
30397
30407
30411
30419
30425
30441
30445
30450
30452
30461
30464
30476
30477
30495
30512
30525
30530
30541
30545
30550
30564
30567
30569
30579
30584
30592
30595
30597
30601
30603
30605
30606
30614
30631
30634
30635
30651
30652
30653
30677
30685
30687
30697
30711
30728
30732
30740
30763
30764
30765
30775
30784
30786
30802
30809
30816
30820
30822
30823
30831
30847
30879
30881
30896
30899
30902
30915
30917
30980
30995
31001
31002
31012
31013
31014
31016
31017
31020
31024
31025
31027
31028
31032
31034
31056
31084
31092
31101
31110
31139
31144
31147
31159
31161
31162
31171
31174
31181
31186
31194
31205
31210
31220
31221
31222
31230
31235
31237
31242
31243
31251
31255
31258
31265
31267
31271
31275
31285
31326
31335
31337
31343
31345
31354
31375
31398
31410
31413
31416
31423
31457
31484
31535
31538
31541
31551
31553
31557
31558
31565
31568
31570
31591
31606
31638
31647
31650
31651
31654
31655
31662
31668
31675
31681
31698
31728
31753
31770
31786
31789
31796
31812
31825
31849
31858
31876
31889
31901
31919
31925
31931
31938
31951
31964
31993
32002
32012
32026
32032
32033
32044
32045
32048
32051
32057
32062
32070
32071
32074
32088
32091
32094
32096
32104
32119
32129
32130
32135
32136
32137
32138
32140
32145
32161
32164
32166
32168
32192
32198
32201
32202
32211
32216
32223
32243
32249
32267
32269
32276
32278
32279
32295
32312
32328
32338
32343
32356
32363
32370
32390
32401
32403
32406
32408
32410
32420
32425
32444
32453
32455
32460
32471
32482
32517
32521
32524
32541
32577
32594
32595
32617
32618
32642
32650
32659
32661
32674
32689
32705
32710
32713
32737
32756
32785
32789
32823
32841
32842
32857
32860
32872
32874
32882
32883
32884
32905
32912
32915
32916
32918
32929
32941
32953
32965
32968
32975
32982
33005
33006
33007
33010
33027
33041
33048
33062
33070
33080
33088
33102
33112
33121
33125
33137
33142
33153
33157
33158
33161
33163
33169
33172
33178
33200
33205
33206
33208
33214
33221
33242
33261
33262
33273
33278
33305
33313
33318
33323
33328
33333
33341
33342
33345
33347
33352
33377
33389
33396
33416
33418
33430
33431
33435
33442
33443
33461
33468
33482
33484
33488
33492
33506
33510
33527
33534
33545
33548
33568
33582
33584
33593
33600
33612
33615
33616
33628
33631
33648
33651
33658
33671
33673
33692
33703
33715
33727
33729
33738
33741
33762
33766
33773
33776
33780
33784
33797
33805
33806
33810
33819
33822
33835
33836
33845
33860
33878
33892
33901
33906
33926
33929
33932
33938
33942
33961
34001
34010
34031
34033
34044
34050
34051
34054
34064
34076
34088
34106
34111
34123
34126
34135
34144
34150
34157
34159
34170
34174
34191
34198
34203
34204
34208
34212
34214
34256
34291
34310
34313
34324
34353
34358
34366
34382
34388
34389
34394
34396
34397
34398
34399
34401
34426
34430
34432
34437
34438
34459
34463
34466
34467
34471
34472
34478
34493
34503
34511
34527
34548
34549
34564
34571
34588
34641
34645
34647
34660
34674
34680
34681
34709
34719
34720
34722
34731
34742
34754
34765
34769
34781
34786
34799
34804
34813
34819
34832
34840
34845
34864
34876
34893
34906
34918
34922
34937
34941
34951
34967
34979
34980
34996
35002
35012
35020
35038
35044
35048
35056
35059
35061
35065
35079
35088
35113
35120
35122
35129
35141
35145
35148
35152
35154
35156
35160
35177
35179
35197
35199
35202
35205
35206
35215
35222
35225
35248
35253
35259
35300
35315
35331
35342
35347
35352
35357
35368
35384
35392
35400
35408
35412
35414
35416
35422
35423
35425
35445
35446
35464
35480
35483
35484
35494
35505
35514
35517
35522
35524
35529
35530
35540
35542
35550
35564
35566
35575
35584
35608
35622
35632
35642
35645
35654
35658
35671
35692
35707
35734
35758
35759
35760
35767
35777
35783
35787
35795
35801
35804
35806
35811
35815
35819
35835
35837
35838
35842
35857
35865
35869
35878
35889
35893
35931
35934
35950
35955
35962
35971
36016
36034
36042
36063
36064
36070
36071
36083
36103
36115
36127
36133
36135
36144
36148
36149
36158
36176
36222
36224
36229
36230
36243
36260
36268
36271
36280
36282
36322
36327
36330
36337
36342
36350
36353
36358
36377
36391
36393
36396
36401
36404
36415
36424
36426
36428
36430
36446
36457
36469
36475
36480
36481
36494
36527
36533
36544
36553
36555
36559
36565
36567
36585
36589
36602
36618
36633
36637
36650
36659
36674
36675
36678
36687
36703
36705
36717
36725
36735
36762
36763
36764
36771
36780
36785
36813
36816
36831
36838
36839
36845
36849
36850
36856
36895
36902
36913
36918
36929
36937
36964
36966
36974
36975
36982
36984
36987
36991
36995
37013
37014
37027
37031
37035
37037
37051
37067
37077
37085
37100
37103
37109
37110
37115
37119
37126
37127
37129
37148
37156
37164
37178
37194
37199
37222
37229
37238
37250
37252
37259
37268
37273
37281
37294
37298
37301
37307
37311
37317
37338
37353
37367
37368
37382
37386
37402
37414
37418
37452
37472
37502
37528
37545
37558
37564
37577
37593
37596
37607
37610
37612
37646
37651
37652
37654
37687
37706
37714
37716
37725
37734
37745
37755
37771
37778
37780
37781
37791
37793
37810
37814
37825
37826
37833
37843
37845
37864
37868
37874
37876
37889
37892
37896
37910
37930
37950
37956
37965
37974
37989
37996
37997
38008
38016
38032
38036
38041
38044
38046
38062
38071
38074
38099
38102
38110
38119
38121
38128
38153
38163
38168
38184
38188
38209
38212
38220
38227
38238
38241
38242
38260
38267
38279
38293
38295
38299
38301
38304
38306
38315
38327
38337
38346
38347
38357
38360
38369
38371
38388
38399
38426
38427
38437
38438
38445
38451
38470
38472
38484
38502
38508
38525
38533
38550
38552
38605
38629
38631
38635
38641
38643
38647
38671
38672
38674
38682
38689
38690
38705
38707
38721
38732
38741
38744
38771
38777
38789
38793
38804
38812
38813
38815
38825
38826
38837
38874
38888
38893
38895
38902
38903
38919
38921
38947
38953
38978
38983
38988
38992
39011
39012
39015
39057
39078
39089
39095
39097
39109
39111
39120
39139
39161
39180
39191
39240
39242
39252
39255
39257
39260
39261
39283
39289
39290
39303
39305
39309
39315
39319
39325
39348
39349
39353
39364
39366
39383
39393
39401
39404
39407
39429
39434
39445
39449
39459
39470
39474
39484
39495
39497
39512
39514
39516
39517
39523
39525
39526
39534
39545
39547
39557
39558
39568
39586
39597
39614
39619
39622
39638
39640
39653
39657
39658
39664
39666
39689
39695
39696
39705
39710
39737
39746
39753
39769
39772
39775
39781
39783
39799
39811
39812
39817
39843
39850
39862
39865
39867
39872
39889
39915
39924
39930
39967
39976
39983
39989
40015
40016
40022
40023
40024
40042
40050
40055
40068
40087
40097
40098
40104
40120
40123
40128
40140
40141
40142
40151
40153
40167
40180
40189
40195
40196
40212
40219
40232
40236
40238
40239
40249
40254
40258
40266
40272
40276
40290
40294
40295
40305
40306
40314
40319
40323
40332
40335
40337
40339
40359
40369
40386
40393
40401
40402
40403
40411
40424
40446
40449
40462
40481
40490
40500
40510
40511
40512
40534
40537
40546
40576
40586
40596
40610
40615
40628
40634
40635
40639
40641
40643
40644
40645
40658
40676
40677
40685
40702
40715
40721
40723
40724
40741
40762
40766
40773
40775
40778
40779
40787
40799
40813
40850
40852
40859
40863
40898
40918
40932
40945
40946
40969
40982
41018
41019
41020
41025
41028
41064
41075
41085
41132
41143
41153
41156
41158
41161
41162
41166
41167
41173
41174
41188
41203
41210
41226
41227
41233
41241
41242
41264
41279
41291
41317
41319
41349
41372
41375
41376
41378
41380
41387
41388
41396
41397
41401
41402
41405
41419
41434
41437
41438
41466
41469
41487
41488
41494
41497
41517
41535
41540
41542
41547
41548
41580
41610
41630
41634
41661
41674
41675
41676
41715
41720
41731
41734
41735
41737
41741
41744
41747
41761
41782
41807
41833
41846
41848
41853
41855
41885
41893
41902
41914
41922
41930
41933
41934
41946
41949
41980
41986
42001
42006
42008
42019
42020
42023
42024
42047
42062
42064
42066
42069
42078
42080
42098
42100
42104
42108
42112
42114
42138
42166
42177
42185
42207
42213
42230
42236
42257
42264
42273
42278
42282
42289
42303
42323
42341
42344
42345
42348
42351
42356
42360
42366
42374
42395
42410
42419
42421
42433
42453
42465
42476
42479
42493
42496
42500
42507
42512
42513
42515
42518
42524
42538
42541
42545
42562
42568
42571
42578
42579
42590
42605
42662
42675
42690
42695
42706
42727
42744
42745
42749
42756
42758
42762
42767
42786
42808
42825
42843
42848
42862
42865
42872
42884
42903
42908
42912
42916
42926
42937
42942
42954
42967
42977
42999
43001
43026
43057
43070
43074
43077
43090
43091
43092
43100
43103
43105
43115
43123
43130
43139
43150
43155
43163
43186
43221
43223
43232
43233
43236
43257
43258
43282
43297
43299
43319
43326
43336
43339
43341
43346
43357
43374
43380
43381
43418
43426
43430
43431
43433
43438
43440
43443
43446
43455
43477
43481
43487
43491
43498
43499
43529
43544
43549
43552
43554
43564
43568
43572
43573
43582
43590
43600
43602
43606
43609
43611
43619
43649
43665
43667
43680
43703
43712
43718
43719
43721
43728
43733
43734
43742
43749
43756
43789
43791
43793
43806
43807
43809
43815
43817
43820
43821
43827
43829
43834
43861
43870
43886
43889
43897
43907
43911
43915
43930
43943
43945
43947
43949
43971
43979
43983
43993
44004
44014
44022
44030
44039
44048
44049
44068
44069
44070
44099
44117
44122
44143
44149
44176
44181
44184
44203
44208
44214
44221
44223
44234
44239
44247
44250
44268
44288
44289
44292
44294
44300
44304
44307
44312
44321
44322
44334
44363
44365
44382
44391
44392
44400
44411
44413
44448
44451
44456
44477
44478
44479
44481
44494
44510
44519
44527
44532
44538
44540
44544
44546
44556
44560
44566
44572
44578
44581
44584
44585
44594
44599
44600
44607
44614
44622
44630
44638
44642
44645
44646
44664
44666
44669
44692
44696
44715
44728
44730
44734
44750
44752
44764
44765
44767
44774
44775
44776
44778
44780
44781
44789
44791
44803
44808
44809
44833
44836
44841
44851
44861
44881
44883
44893
44911
44918
44919
44926
44930
44932
44938
44941
44952
44955
44959
44984
45004
45015
45016
45017
45031
45039
45049
45057
45063
45070
45071
45085
45108
45125
45127
45131
45139
45143
45149
45175
45180
45193
45194
45198
45202
45213
45218
45219
45229
45230
45240
45254
45264
45284
45291
45304
45319
45324
45348
45358
45391
45395
45417
45428
45440
45473
45475
45487
45488
45508
45510
45518
45521
45531
45534
45547
45548
45563
45565
45569
45586
45601
45602
45616
45627
45634
45644
45699
45702
45705
45709
45715
45717
45720
45724
45727
45746
45750
45762
45763
45764
45767
45776
45811
45819
45823
45828
45845
45857
45865
45869
45879
45895
45896
45898
45908
45916
45918
45929
45936
45941
45943
45957
45972
45976
45996
45998
45999
46001
46004
46006
46011
46026
46034
46046
46048
46049
46056
46060
46063
46074
46078
46082
46090
46098
46123
46126
46135
46152
46154
46155
46166
46172
46180
46189
46190
46198
46217
46223
46234
46236
46238
46244
46251
46263
46264
46268
46284
46287
46291
46300
46324
46330
46331
46348
46352
46360
46374
46376
46377
46384
46394
46398
46403
46420
46422
46434
46443
46445
46450
46453
46455
46457
46466
46467
46472
46481
46487
46489
46504
46508
46516
46521
46525
46527
46528
46555
46559
46588
46591
46610
46614
46634
46654
46669
46673
46674
46703
46716
46725
46740
46743
46761
46765
46767
46772
46773
46776
46777
46779
46790
46804
46835
46845
46849
46855
46880
46888
46891
46893
46894
46903
46904
46916
46920
46925
46933
46935
46937
46942
46953
46958
46996
47007
47017
47022
47025
47031
47042
47052
47053
47067
47069
47073
47090
47094
47108
47117
47135
47154
47161
47169
47175
47177
47189
47203
47211
47213
47224
47230
47239
47257
47265
47279
47290
47303
47306
47307
47309
47323
47329
47330
47333
47338
47343
47361
47383
47425
47428
47447
47455
47457
47459
47467
47469
47485
47496
47500
47503
47504
47514
47519
47521
47523
47532
47540
47545
47546
47550
47555
47557
47561
47562
47579
47587
47600
47618
47622
47626
47628
47634
47635
47652
47653
47660
47665
47692
47714
47715
47758
47773
47786
47795
47798
47800
47803
47804
47823
47824
47830
47842
47852
47860
47861
47863
47867
47870
47884
47903
47907
47909
47910
47925
47928
47929
47954
47996
48008
48016
48025
48029
48035
48044
48048
48075
48083
48085
48086
48093
48095
48099
48106
48112
48116
48130
48134
48137
48138
48143
48147
48149
48160
48164
48171
48178
48180
48187
48202
48212
48227
48241
48248
48257
48281
48291
48293
48295
48300
48305
48310
48328
48332
48343
48350
48360
48371
48372
48383
48386
48388
48406
48408
48411
48416
48423
48427
48431
48449
48451
48471
48473
48492
48493
48500
48530
48533
48534
48548
48565
48578
48591
48602
48620
48621
48633
48641
48652
48673
48675
48676
48677
48687
48708
48715
48727
48734
48743
48762
48765
48769
48772
48785
48796
48852
48854
48856
48870
48871
48885
48914
48915
48917
48932
48935
48937
48941
48948
49008
49010
49019
49039
49077
49121
49129
49139
49143
49156
49164
49171
49174
49191
49192
49200
49219
49240
49241
49244
49251
49258
49274
49279
49285
49308
49323
49345
49372
49373
49374
49376
49378
49384
49392
49396
49414
49422
49430
49432
49452
49463
49470
49486
49490
49497
49503
49516
49524
49539
49542
49558
49562
49575
49584
49587
49589
49596
49616
49626
49634
49641
49650
49664
49677
49681
49692
49696
49702
49705
49714
49718
49723
49726
49738
49741
49743
49754
49768
49769
49821
49830
49838
49857
49865
49869
49885
49892
49904
49906
49907
49909
49911
49945
49950
49956
49958
49969
49970
49972
49993
49999
50001
50005
50008
50011
50012
50017
50023
50054
50055
50065
50066
50084
50087
50088
50091
50109
50124
50132
50149
50151
50163
50171
50175
50180
50197
50211
50222
50224
50235
50242
50246
50258
50261
50277
50281
50282
50284
50290
50307
50314
50318
50323
50342
50360
50365
50368
50387
50400
50420
50434
50440
50454
50455
50464
50476
50486
50492
50500
50502
50523
50529
50544
50548
50580
50581
50583
50595
50597
50605
50607
50621
50626
50627
50630
50637
50638
50641
50648
50654
50657
50659
50661
50683
50685
50690
50691
50703
50710
50719
50729
50741
50749
50794
50798
50814
50817
50818
50820
50825
50829
50844
50845
50863
50873
50875
50884
50886
50888
50898
50920
50923
50929
50951
50954
50963
50972
50994
51006
51014
51029
51051
51063
51067
51083
51091
51093
51094
51122
51130
51133
51138
51158
51168
51171
51179
51182
51200
51202
51213
51214
51223
51229
51252
51256
51260
51268
51280
51284
51288
51291
51298
51321
51324
51339
51344
51346
51353
51358
51362
51375
51384
51388
51393
51406
51408
51409
51419
51422
51426
51435
51438
51445
51447
51453
51482
51488
51503
51506
51511
51515
51519
51524
51536
51542
51568
51586
51598
51606
51609
51618
51619
51633
51637
51642
51650
51653
51666
51669
51682
51688
51699
51702
51708
51710
51714
51715
51723
51732
51737
51744
51748
51759
51762
51769
51786
51787
51792
51800
51802
51810
51811
51813
51814
51831
51848
51865
51867
51873
51874
51881
51883
51890
51894
51906
51911
51924
51942
51991
52040
52061
52066
52067
52082
52087
52093
52100
52117
52127
52130
52132
52134
52146
52164
52180
52181
52190
52191
52202
52210
52221
52229
52258
52259
52263
52264
52272
52300
52318
52324
52330
52338
52347
52352
52356
52367
52376
52383
52386
52390
52397
52400
52403
52407
52414
52418
52432
52438
52454
52458
52470
52475
52487
52498
52515
52534
52536
52537
52544
52551
52553
52561
52567
52581
52586
52588
52616
52620
52621
52622
52630
52633
52651
52656
52664
52693
52704
52706
52737
52739
52746
52773
52789
52799
52802
52815
52816
52833
52835
52849
52856
52905
52915
52932
52934
52937
52947
52978
52986
52999
53005
53007
53016
53054
53058
53064
53069
53077
53088
53100
53101
53118
53133
53149
53155
53162
53166
53170
53172
53205
53208
53223
53233
53250
53257
53264
53279
53311
53323
53330
53336
53337
53349
53358
53360
53366
53369
53371
53375
53379
53380
53384
53387
53393
53395
53396
53407
53412
53415
53419
53429
53430
53431
53433
53444
53473
53483
53485
53501
53511
53516
53540
53552
53566
53576
53588
53600
53618
53619
53620
53623
53648
53655
53663
53664
53679
53683
53687
53688
53694
53696
53707
53723
53745
53748
53754
53763
53784
53816
53831
53833
53835
53836
53848
53851
53855
53888
53889
53896
53920
53926
53933
53942
53957
53962
53963
53978
53981
53984
53997
54002
54015
54016
54021
54022
54040
54068
54103
54111
54137
54138
54142
54144
54145
54146
54165
54171
54172
54188
54202
54203
54224
54245
54252
54273
54275
54283
54298
54304
54305
54314
54316
54330
54335
54338
54341
54362
54371
54383
54415
54421
54435
54440
54442
54448
54459
54462
54475
54478
54482
54485
54488
54496
54497
54510
54536
54559
54560
54566
54567
54588
54610
54621
54622
54626
54628
54639
54648
54650
54651
54667
54687
54710
54726
54766
54767
54771
54778
54781
54802
54811
54813
54823
54825
54831
54841
54849
54881
54889
54891
54897
54904
54919
54920
54926
54927
54932
54947
54949
54961
54983
54995
55025
55030
55036
55052
55059
55064
55093
55097
55109
55141
55170
55171
55172
55180
55187
55192
55195
55206
55207
55216
55219
55227
55244
55246
55249
55272
55274
55276
55280
55297
55317
55323
55343
55355
55356
55397
55405
55408
55416
55430
55443
55453
55460
55464
55471
55486
55512
55527
55546
55553
55574
55592
55606
55615
55626
55632
55637
55645
55649
55651
55655
55673
55677
55686
55688
55691
55696
55715
55727
55733
55742
55750
55756
55758
55770
55773
55777
55794
55799
55810
55827
55843
55866
55867
55870
55879
55901
55960
55961
55980
55984
56013
56016
56018
56026
56031
56035
56048
56056
56057
56062
56069
56076
56082
56083
56088
56092
56093
56102
56108
56110
56119
56136
56138
56146
56192
56194
56196
56203
56209
56210
56212
56271
56275
56300
56308
56311
56318
56356
56368
56369
56370
56377
56378
56382
56384
56390
56391
56395
56401
56403
56432
56433
56435
56436
56459
56463
56467
56485
56488
56505
56512
56513
56526
56529
56541
56548
56558
56566
56575
56581
56584
56597
56611
56632
56639
56647
56652
56654
56660
56667
56672
56673
56677
56690
56694
56697
56700
56722
56737
56740
56742
56748
56754
56779
56787
56790
56804
56810
56844
56849
56859
56864
56865
56871
56880
56888
56893
56900
56907
56918
56922
56923
56924
56925
56930
56961
56971
56973
56976
56978
56992
57009
57011
57023
57028
57035
57043
57054
57057
57064
57074
57079
57084
57093
57094
57104
57114
57115
57133
57145
57197
57204
57211
57218
57234
57246
57249
57253
57256
57259
57262
57268
57270
57271
57282
57284
57285
57287
57331
57333
57341
57344
57345
57348
57376
57377
57380
57398
57427
57432
57436
57437
57460
57464
57465
57478
57482
57512
57527
57531
57540
57541
57544
57547
57566
57567
57570
57572
57573
57576
57590
57594
57599
57601
57604
57611
57615
57630
57652
57659
57661
57688
57690
57693
57705
57710
57711
57717
57739
57744
57748
57761
57777
57780
57790
57800
57811
57818
57827
57850
57858
57886
57893
57895
57904
57910
57911
57919
57937
57939
57949
57951
57962
57970
57971
57977
57994
58011
58018
58024
58039
58052
58059
58080
58081
58089
58092
58107
58114
58116
58118
58124
58138
58141
58147
58157
58161
58162
58172
58180
58185
58191
58199
58208
58222
58223
58228
58252
58255
58261
58269
58272
58285
58289
58294
58302
58304
58316
58323
58324
58331
58335
58340
58402
58415
58457
58463
58464
58480
58483
58486
58490
58500
58507
58508
58514
58526
58527
58535
58541
58543
58550
58551
58558
58561
58575
58581
58586
58596
58597
58598
58609
58614
58619
58642
58646
58660
58661
58662
58665
58674
58675
58689
58705
58718
58734
58743
58751
58754
58757
58775
58788
58791
58792
58816
58818
58829
58837
58840
58846
58848
58849
58854
58856
58859
58861
58873
58883
58889
58897
58910
58916
58922
58924
58935
58938
58941
58949
58967
58968
58976
58980
58981
58990
58999
59002
59025
59035
59044
59051
59064
59086
59096
59097
59098
59102
59124
59135
59153
59168
59172
59173
59184
59187
59194
59196
59200
59222
59242
59248
59256
59271
59291
59305
59320
59325
59333
59345
59346
59347
59358
59382
59391
59404
59410
59411
59419
59423
59426
59434
59440
59441
59464
59465
59467
59494
59506
59525
59535
59550
59553
59554
59559
59564
59593
59613
59627
59639
59645
59662
59667
59673
59676
59683
59684
59707
59709
59722
59723
59736
59743
59748
59813
59816
59832
59838
59840
59843
59862
59881
59890
59898
59908
59910
59912
59923
59928
59932
59954
59955
59956
59959
59967
59975
59978
59985
59988
60005
60007
60010
60012
60043
60049
60082
60101
60103
60112
60118
60124
60158
60160
60165
60175
60194
60196
60206
60245
60262
60264
60270
60273
60277
60284
60297
60303
60314
60318
60322
60329
60336
60340
60341
60350
60364
60377
60378
60379
60391
60399
60402
60412
60424
60429
60432
60464
60465
60470
60472
60484
60487
60490
60491
60494
60507
60514
60520
60534
60560
60561
60573
60576
60588
60596
60600
60602
60622
60623
60627
60630
60633
60650
60652
60654
60676
60711
60714
60734
60735
60737
60738
60766
60804
60817
60820
60825
60826
60847
60857
60862
60865
60871
60876
60883
60884
60888
60894
60900
60941
60953
60958
60961
60966
60967
60970
60977
60978
60979
60980
60999
61000
61005
61010
61021
61029
61035
61050
61066
61086
61088
61097
61100
61101
61132
61137
61155
61156
61176
61183
61184
61198
61199
61202
61221
61239
61257
61259
61272
61299
61302
61333
61334
61340
61341
61349
61365
61371
61377
61381
61388
61390
61394
61395
61410
61417
61418
61420
61421
61423
61434
61438
61448
61455
61487
61489
61491
61493
61506
61520
61522
61546
61557
61559
61561
61562
61570
61580
61582
61585
61605
61610
61612
61638
61661
61665
61671
61675
61678
61682
61683
61694
61696
61715
61727
61732
61755
61763
61764
61766
61771
61775
61776
61784
61790
61799
61814
61819
61840
61844
61876
61883
61884
61886
61912
61920
61935
61938
61939
61946
61961
61968
62007
62010
62014
62032
62047
62055
62056
62076
62079
62084
62096
62099
62115
62118
62131
62134
62138
62160
62162
62166
62178
62184
62233
62273
62285
62287
62297
62307
62309
62352
62367
62388
62392
62405
62409
62419
62424
62428
62432
62436
62440
62445
62481
62483
62491
62492
62499
62502
62515
62521
62531
62542
62545
62560
62590
62594
62603
62626
62637
62641
62652
62673
62682
62737
62740
62760
62764
62773
62786
62794
62795
62802
62804
62805
62808
62813
62816
62818
62825
62835
62836
62841
62842
62850
62853
62857
62858
62871
62872
62887
62897
62915
62920
62929
62950
62959
62993
62994
62995
63017
63058
63063
63080
63081
63083
63097
63101
63105
63114
63115
63120
63129
63135
63147
63152
63174
63176
63181
63182
63202
63212
63214
63219
63221
63225
63251
63279
63281
63287
63288
63289
63296
63303
63309
63312
63315
63320
63332
63338
63340
63350
63397
63409
63424
63430
63434
63440
63447
63450
63452
63454
63456
63464
63467
63468
63480
63500
63516
63534
63538
63545
63546
63548
63554
63559
63565
63571
63579
63582
63602
63615
63617
63618
63642
63643
63649
63650
63677
63681
63682
63685
63690
63692
63695
63697
63709
63716
63724
63731
63749
63785
63786
63793
63805
63811
63823
63826
63835
63848
63850
63853
63856
63861
63878
63879
63891
63896
63902
63924
63936
63937
63957
63963
63983
63984
63995
64016
64028
64030
64038
64054
64061
64064
64070
64074
64088
64089
64091
64111
64122
64123
64134
64135
64136
64143
64154
64160
64163
64178
64179
64192
64202
64207
64211
64220
64226
64234
64235
64247
64248
64255
64273
64274
64278
64307
64315
64325
64334
64337
64344
64352
64398
64420
64433
64434
64441
64442
64459
64460
64464
64465
64469
64477
64485
64511
64514
64521
64529
64567
64571
64573
64580
64585
64586
64593
64597
64605
64607
64618
64629
64638
64663
64670
64673
64688
64697
64719
64726
64729
64730
64742
64745
64757
64758
64777
64786
64794
64796
64797
64816
64833
64860
64863
64868
64870
64874
64875
64880
64885
64898
64907
64913
64939
64943
64959
64975
64977
64986
64991
65002
65008
65016
65022
65037
65038
65062
65072
65074
65083
65088
65091
65092
65096
65109
65116
65118
65125
65149
65151
65156
65163
65197
65209
65211
65216
65217
65223
65236
65237
65240
65275
65279
65285
65287
65288
65289
65290
65292
65296
65307
65325
65326
65328
65329
65339
65346
65363
65375
65376
65387
65428
65446
65449
65473
65476
65477
65483
65491
65492
65501
65506
65515
65527
65535
65540
65555
65556
65557
65565
65576
65578
65579
65580
65583
65596
65610
65614
65618
65627
65629
65655
65658
65666
65679
65692
65693
65701
65702
65707
65721
65726
65729
65745
65764
65766
65778
65794
65798
65802
65806
65809
65833
65838
65849
65852
65858
65866
65871
65885
65890
65893
65895
65898
65900
65920
65923
65927
65929
65946
65947
65948
65950
65954
65973
65999
66023
66031
66045
66052
66059
66067
66069
66079
66096
66098
66103
66107
66113
66123
66126
66137
66148
66155
66166
66167
66182
66188
66197
66210
66212
66222
66233
66238
66239
66244
66253
66254
66261
66269
66272
66275
66288
66295
66297
66302
66306
66307
66325
66341
66353
66370
66404
66407
66411
66422
66427
66443
66462
66476
66497
66499
66506
66507
66529
66540
66544
66561
66565
66572
66581
66592
66593
66605
66608
66618
66633
66644
66647
66665
66666
66669
66672
66673
66684
66688
66695
66705
66706
66728
66736
66742
66750
66762
66775
66782
66811
66828
66831
66858
66861
66866
66910
66911
66913
66921
66922
66924
66933
66944
66945
66955
66959
66960
66976
66987
67018
67033
67042
67071
67075
67079
67087
67088
67120
67131
67138
67145
67148
67149
67150
67167
67172
67173
67186
67190
67205
67216
67241
67247
67248
67258
67260
67265
67271
67288
67295
67301
67302
67309
67314
67315
67327
67331
67339
67348
67374
67379
67383
67386
67405
67408
67421
67426
67430
67435
67444
67446
67451
67488
67489
67491
67497
67504
67513
67516
67527
67532
67535
67552
67555
67558
67559
67592
67599
67606
67611
67625
67646
67649
67650
67653
67659
67660
67683
67687
67693
67694
67707
67710
67712
67719
67730
67737
67738
67750
67755
67760
67764
67772
67776
67782
67783
67788
67798
67801
67805
67815
67823
67843
67846
67854
67855
67860
67861
67865
67867
67869
67881
67883
67895
67900
67911
67912
67922
67940
67949
67965
67972
67980
67983
67985
68009
68015
68021
68028
68032
68043
68053
68078
68081
68090
68093
68126
68133
68164
68174
68182
68217
68243
68255
68260
68267
68271
68279
68293
68305
68306
68310
68313
68314
68323
68324
68344
68353
68369
68377
68387
68388
68389
68413
68420
68449
68451
68452
68454
68474
68493
68511
68515
68527
68528
68542
68547
68549
68551
68563
68565
68569
68580
68584
68588
68592
68603
68610
68618
68623
68628
68641
68677
68683
68704
68725
68728
68734
68736
68757
68774
68777
68781
68820
68821
68845
68858
68867
68877
68878
68884
68888
68890
68900
68907
68913
68914
68924
68930
68931
68936
68939
68946
68954
68960
68966
68967
68968
68980
68986
68989
68990
68991
69018
69019
69029
69034
69066
69068
69075
69085
69088
69102
69103
69115
69118
69119
69135
69142
69154
69161
69168
69169
69171
69172
69188
69189
69192
69200
69206
69219
69222
69225
69227
69229
69233
69234
69245
69248
69263
69269
69274
69282
69298
69320
69321
69326
69337
69355
69374
69377
69381
69395
69398
69414
69416
69420
69421
69435
69445
69451
69458
69464
69475
69482
69498
69505
69508
69519
69532
69561
69569
69605
69606
69608
69609
69618
69628
69641
69650
69652
69656
69661
69675
69677
69678
69712
69738
69741
69745
69748
69750
69755
69764
69767
69771
69779
69781
69793
69799
69802
69808
69815
69820
69822
69826
69833
69842
69848
69864
69890
69909
69910
69920
69927
69935
69945
69963
69971
69977
69993
70004
70015
70019
70022
70025
70030
70032
70049
70067
70069
70071
70081
70091
70096
70099
70107
70115
70143
70155
70169
70202
70225
70248
70274
70275
70280
70281
70298
70300
70301
70311
70317
70323
70331
70344
70348
70359
70375
70392
70431
70447
70475
70487
70494
70505
70511
70518
70530
70537
70539
70568
70577
70578
70594
70602
70617
70639
70660
70678
70688
70721
70751
70756
70757
70777
70784
70797
70798
70805
70807
70831
70837
70839
70843
70844
70855
70885
70911
70926
70933
70943
70947
70950
70956
70960
70961
70962
70965
70967
70983
70998
71012
71015
71020
71034
71041
71046
71056
71060
71066
71073
71080
71092
71105
71124
71126
71132
71149
71152
71155
71161
71175
71187
71195
71211
71226
71234
71239
71250
71256
71265
71291
71296
71302
71327
71334
71335
71354
71360
71370
71372
71374
71379
71389
71405
71411
71441
71447
71451
71453
71462
71487
71497
71498
71499
71501
71516
71517
71523
71524
71543
71572
71602
71603
71611
71617
71621
71631
71636
71644
71646
71648
71658
71673
71678
71685
71694
71699
71709
71718
71720
71731
71743
71745
71751
71760
71768
71771
71784
71793
71806
71828
71831
71833
71864
71869
71887
71891
71895
71896
71898
71914
71936
71962
71964
71967
71993
72005
72009
72011
72022
72028
72030
72062
72072
72080
72081
72087
72104
72112
72113
72130
72154
72167
72171
72172
72174
72175
72184
72192
72194
72203
72207
72209
72215
72243
72255
72260
72262
72264
72267
72301
72349
72355
72356
72378
72393
72396
72398
72403
72406
72429
72438
72446
72453
72459
72472
72475
72487
72491
72500
72520
72553
72566
72567
72583
72586
72587
72590
72599
72605
72609
72613
72615
72634
72635
72641
72647
72651
72655
72656
72664
72665
72683
72689
72691
72692
72697
72699
72713
72716
72724
72730
72732
72747
72749
72750
72751
72761
72763
72771
72776
72779
72789
72805
72813
72825
72836
72851
72853
72861
72866
72868
72876
72880
72886
72889
72897
72899
72911
72920
72921
72936
72940
72947
72948
72957
72967
72971
72977
72981
72994
73011
73013
73017
73039
73051
73057
73084
73123
73132
73141
73149
73166
73173
73177
73192
73202
73215
73222
73233
73242
73244
73248
73255
73273
73283
73287
73300
73302
73315
73321
73322
73324
73328
73347
73380
73387
73388
73405
73407
73419
73448
73496
73499
73500
73502
73505
73527
73529
73539
73549
73551
73561
73566
73582
73585
73590
73594
73603
73608
73615
73618
73619
73626
73637
73655
73666
73671
73681
73683
73689
73697
73698
73701
73718
73727
73743
73747
73758
73760
73765
73787
73793
73794
73803
73809
73814
73815
73818
73820
73823
73829
73838
73851
73864
73897
73899
73907
73910
73925
73927
73935
73949
73952
73961
73964
73984
73985
73990
74029
74046
74061
74071
74079
74085
74090
74112
74114
74134
74140
74148
74154
74163
74164
74175
74187
74191
74213
74228
74229
74236
74254
74272
74273
74274
74275
74301
74306
74314
74317
74322
74342
74351
74353
74357
74373
74400
74404
74409
74426
74434
74438
74441
74446
74450
74465
74470
74473
74477
74479
74483
74490
74501
74505
74506
74524
74531
74535
74550
74557
74558
74560
74562
74572
74577
74594
74600
74601
74606
74620
74622
74623
74632
74633
74637
74638
74651
74667
74679
74680
74697
74701
74706
74710
74716
74723
74734
74740
74770
74771
74797
74807
74808
74817
74824
74831
74839
74869
74880
74881
74884
74890
74899
74903
74906
74907
74916
74937
74966
74975
74982
74983
74984
74991
75024
75028
75045
75071
75075
75076
75087
75089
75100
75102
75108
75113
75114
75122
75123
75175
75176
75178
75188
75192
75193
75206
75218
75241
75259
75262
75265
75269
75289
75297
75300
75302
75308
75309
75317
75333
75336
75348
75350
75363
75389
75395
75398
75402
75403
75416
75424
75430
75431
75434
75437
75457
75460
75473
75476
75483
75498
75503
75507
75513
75519
75522
75529
75531
75532
75570
75577
75579
75583
75600
75614
75621
75623
75654
75659
75665
75669
75672
75681
75691
75697
75703
75710
75723
75729
75766
75779
75787
75795
75799
75812
75817
75821
75823
75826
75840
75857
75859
75872
75883
75884
75897
75905
75906
75910
75916
75921
75933
75934
75937
75938
75949
75954
75955
75960
75965
75974
75983
75987
75989
75995
76004
76009
76018
76026
76041
76044
76065
76068
76091
76097
76102
76114
76121
76127
76130
76133
76145
76162
76176
76179
76184
76193
76194
76202
76207
76216
76222
76238
76249
76255
76262
76281
76284
76286
76299
76313
76315
76334
76347
76363
76366
76373
76375
76383
76399
76404
76405
76419
76436
76441
76447
76461
76477
76478
76479
76482
76516
76524
76526
76541
76571
76593
76598
76603
76613
76616
76619
76656
76674
76689
76696
76700
76701
76708
76723
76729
76741
76743
76757
76758
76782
76800
76801
76802
76804
76829
76844
76846
76865
76868
76874
76880
76882
76885
76888
76902
76913
76917
76931
76932
76950
76953
76955
76956
76957
76959
76960
76961
76976
76978
77000
77003
77004
77024
77027
77041
77062
77072
77079
77081
77091
77098
77124
77139
77146
77152
77156
77160
77167
77169
77175
77181
77186
77187
77196
77216
77224
77235
77241
77248
77308
77313
77317
77321
77332
77337
77344
77380
77381
77387
77395
77410
77418
77424
77429
77515
77539
77541
77545
77547
77557
77559
77560
77566
77568
77569
77573
77582
77602
77605
77635
77647
77651
77653
77655
77657
77672
77676
77678
77689
77716
77718
77725
77745
77757
77758
77775
77780
77795
77799
77805
77821
77830
77834
77840
77874
77875
77877
77896
77909
77911
77912
77913
77917
77929
77931
77940
77970
78007
78032
78066
78080
78081
78083
78085
78110
78112
78114
78127
78130
78153
78192
78203
78217
78221
78224
78236
78241
78253
78260
78268
78280
78310
78319
78320
78349
78350
78355
78359
78367
78370
78371
78381
78393
78425
78452
78480
78487
78489
78502
78524
78528
78554
78557
78598
78613
78620
78625
78627
78629
78644
78653
78660
78668
78669
78677
78688
78700
78703
78708
78721
78734
78743
78744
78748
78775
78781
78782
78786
78809
78820
78843
78844
78855
78863
78866
78874
78881
78888
78891
78892
78897
78903
78912
78917
78934
78942
78949
78958
78963
78965
78966
78975
79002
79014
79017
79021
79026
79028
79032
79039
79062
79087
79092
79109
79119
79137
79153
79154
79160
79164
79177
79196
79202
79230
79231
79232
79237
79246
79261
79262
79268
79279
79280
79283
79288
79290
79295
79297
79301
79307
79314
79320
79328
79336
79340
79359
79378
79381
79391
79392
79396
79397
79403
79417
79418
79421
79425
79443
79466
79476
79485
79496
79504
79508
79514
79529
79533
79539
79544
79553
79559
79569
79586
79594
79625
79628
79633
79637
79639
79641
79651
79654
79675
79676
79678
79683
79692
79694
79701
79705
79720
79721
79732
79737
79745
79746
79748
79761
79763
79767
79775
79779
79784
79788
79826
79833
79840
79845
79856
79871
79884
79895
79897
79921
79926
79927
79934
79940
79957
79970
79979
79980
80000
80025
80045
80063
80067
80075
80076
80097
80117
80124
80137
80146
80150
80155
80160
80165
80177
80179
80190
80199
80214
80215
80224
80228
80230
80236
80237
80238
80254
80256
80257
80260
80263
80266
80274
80293
80295
80315
80318
80322
80340
80341
80347
80357
80363
80364
80391
80392
80397
80401
80404
80414
80433
80435
80436
80437
80441
80454
80477
80479
80514
80527
80535
80537
80538
80539
80540
80566
80567
80569
80576
80593
80602
80609
80611
80615
80618
80619
80626
80627
80650
80651
80676
80690
80707
80708
80709
80712
80735
80739
80751
80760
80761
80775
80782
80783
80786
80802
80809
80813
80836
80852
80865
80866
80867
80871
80876
80877
80886
80890
80924
80939
80942
80952
80955
80972
80973
80974
80977
80981
81001
81011
81029
81039
81076
81086
81101
81117
81119
81124
81134
81153
81156
81158
81176
81180
81193
81201
81207
81220
81223
81227
81252
81253
81254
81267
81271
81275
81279
81294
81301
81306
81316
81318
81321
81351
81359
81362
81363
81376
81405
81406
81407
81410
81411
81430
81433
81441
81443
81446
81482
81484
81487
81502
81509
81512
81513
81515
81517
81537
81540
81548
81556
81559
81561
81562
81575
81580
81581
81590
81603
81617
81631
81642
81657
81666
81670
81671
81672
81673
81687
81688
81690
81699
81711
81720
81730
81731
81734
81743
81774
81776
81786
81797
81804
81807
81812
81818
81836
81838
81839
81854
81859
81862
81876
81908
81909
81938
81940
81946
81961
81985
82004
82010
82035
82040
82064
82101
82118
82119
82124
82131
82139
82153
82155
82162
82170
82221
82222
82224
82230
82234
82241
82249
82254
82262
82266
82270
82285
82294
82295
82296
82306
82308
82315
82323
82327
82345
82350
82356
82359
82368
82378
82380
82408
82416
82421
82422
82449
82452
82454
82462
82476
82506
82523
82532
82546
82548
82551
82585
82589
82599
82601
82604
82629
82636
82644
82659
82664
82668
82679
82684
82694
82697
82705
82711
82716
82732
82735
82737
82753
82754
82762
82774
82784
82809
82810
82823
82853
82863
82867
82868
82870
82873
82877
82889
82901
82904
82909
82915
82917
82919
82925
82929
82932
82941
82951
82954
82969
82992
83009
83023
83034
83040
83057
83067
83070
83071
83075
83077
83082
83085
83094
83103
83107
83120
83122
83143
83145
83149
83165
83183
83185
83195
83202
83237
83241
83248
83250
83251
83259
83261
83274
83280
83292
83299
83302
83304
83307
83311
83313
83344
83362
83380
83388
83399
83404
83409
83423
83428
83430
83435
83436
83440
83444
83449
83458
83459
83475
83483
83490
83494
83501
83533
83558
83566
83568
83571
83575
83590
83598
83599
83603
83628
83637
83645
83654
83687
83700
83701
83721
83723
83724
83745
83758
83767
83774
83783
83792
83829
83839
83852
83865
83871
83872
83890
83926
83936
83972
83976
83980
83981
83998
84028
84030
84033
84038
84045
84072
84092
84101
84107
84118
84127
84140
84152
84164
84165
84171
84202
84212
84216
84246
84248
84250
84255
84256
84258
84259
84261
84276
84281
84282
84284
84286
84293
84294
84313
84317
84324
84325
84326
84329
84330
84332
84345
84359
84372
84373
84382
84395
84402
84409
84415
84417
84422
84460
84483
84500
84504
84518
84520
84524
84535
84551
84560
84568
84575
84577
84589
84593
84601
84608
84624
84634
84636
84638
84642
84646
84651
84652
84661
84664
84673
84679
84699
84704
84709
84718
84731
84751
84755
84758
84787
84802
84805
84817
84828
84837
84855
84860
84878
84879
84886
84888
84897
84899
84920
84922
84931
84932
84938
84946
84977
84991
85000
85005
85034
85062
85067
85077
85081
85090
85099
85141
85147
85151
85163
85168
85187
85204
85216
85231
85232
85241
85244
85250
85263
85270
85306
85315
85338
85349
85353
85369
85374
85388
85392
85403
85416
85423
85428
85435
85437
85446
85463
85470
85489
85494
85515
85516
85519
85521
85523
85548
85564
85587
85593
85615
85622
85633
85635
85636
85643
85645
85659
85668
85700
85702
85703
85758
85764
85775
85789
85798
85809
85826
85835
85847
85882
85887
85898
85900
85901
85904
85918
85923
85940
85941
85956
85963
85969
85973
85976
85986
85993
85994
86000
86008
86019
86036
86038
86049
86074
86117
86137
86150
86155
86156
86183
86194
86215
86216
86219
86223
86224
86228
86255
86266
86278
86279
86289
86295
86300
86310
86325
86334
86339
86344
86347
86348
86349
86353
86358
86360
86365
86374
86383
86396
86433
86437
86443
86444
86461
86484
86535
86537
86540
86541
86543
86544
86549
86565
86580
86582
86599
86611
86616
86621
86632
86635
86638
86648
86665
86673
86675
86676
86680
86683
86704
86707
86725
86737
86757
86765
86766
86779
86814
86817
86823
86831
86835
86838
86851
86852
86859
86867
86868
86870
86897
86898
86906
86909
86923
86925
86930
86966
86979
86985
87010
87015
87016
87017
87041
87045
87048
87065
87066
87074
87075
87090
87097
87100
87106
87128
87132
87144
87154
87164
87167
87179
87195
87215
87225
87234
87238
87265
87275
87282
87284
87295
87305
87307
87308
87315
87334
87347
87351
87357
87419
87420
87425
87428
87432
87443
87453
87457
87458
87459
87467
87476
87477
87484
87514
87517
87527
87542
87544
87547
87551
87559
87564
87568
87569
87570
87577
87592
87608
87610
87612
87615
87624
87635
87638
87641
87658
87661
87668
87674
87679
87684
87685
87687
87705
87717
87724
87729
87731
87736
87759
87763
87770
87782
87793
87798
87799
87815
87818
87819
87823
87832
87839
87855
87861
87862
87895
87898
87900
87905
87926
87932
87935
87942
87949
87963
87965
87971
88006
88007
88040
88056
88065
88078
88081
88085
88086
88094
88100
88102
88110
88118
88129
88143
88144
88150
88197
88215
88229
88232
88236
88238
88257
88275
88292
88294
88308
88324
88326
88327
88331
88340
88344
88352
88370
88374
88382
88385
88395
88398
88412
88418
88425
88428
88442
88449
88451
88476
88477
88490
88504
88515
88530
88556
88561
88567
88575
88583
88585
88591
88603
88629
88634
88648
88649
88656
88666
88668
88684
88691
88695
88697
88698
88715
88737
88742
88752
88758
88759
88761
88777
88780
88798
88818
88835
88839
88841
88843
88852
88880
88890
88910
88919
88922
88925
88931
88943
88945
88952
88966
88979
88987
89000
89007
89012
89016
89031
89036
89045
89058
89060
89061
89072
89084
89086
89097
89108
89110
89121
89128
89145
89163
89185
89208
89212
89225
89233
89236
89257
89260
89267
89273
89274
89276
89297
89320
89322
89326
89337
89354
89362
89376
89390
89392
89396
89412
89425
89434
89441
89444
89451
89452
89456
89464
89470
89476
89485
89487
89490
89501
89503
89506
89516
89518
89519
89521
89546
89558
89567
89574
89579
89580
89589
89598
89599
89605
89620
89630
89631
89632
89638
89639
89642
89648
89662
89676
89677
89706
89712
89721
89727
89730
89751
89782
89785
89803
89804
89805
89813
89821
89837
89839
89843
89845
89849
89855
89857
89858
89863
89867
89868
89877
89882
89886
89887
89890
89893
89907
89917
89918
89920
89927
89935
89944
89957
89958
89962
89970
90005
90008
90011
90012
90015
90027
90028
90029
90032
90042
90048
90068
90076
90078
90093
90096
90111
90119
90125
90132
90143
90146
90159
90169
90173
90193
90196
90241
90282
90285
90286
90289
90296
90317
90320
90343
90354
90359
90361
90364
90374
90379
90384
90426
90432
90433
90438
90448
90449
90455
90456
90466
90467
90472
90473
90477
90487
90492
90497
90500
90515
90529
90538
90544
90556
90563
90575
90584
90590
90611
90622
90650
90663
90665
90670
90678
90701
90711
90722
90734
90739
90746
90760
90761
90766
90775
90799
90813
90820
90838
90850
90854
90886
90890
90895
90897
90901
90907
90918
90925
90935
90937
90939
90946
90968
90976
90986
90998
91001
91004
91014
91027
91029
91040
91044
91045
91048
91049
91053
91054
91055
91056
91077
91084
91102
91103
91113
91122
91136
91140
91141
91145
91153
91161
91172
91205
91208
91213
91219
91220
91228
91231
91235
91250
91259
91288
91289
91313
91321
91322
91323
91324
91327
91338
91347
91364
91366
91393
91397
91405
91407
91412
91420
91421
91425
91436
91446
91462
91470
91475
91476
91527
91552
91560
91567
91571
91583
91597
91600
91601
91604
91620
91629
91635
91650
91656
91664
91666
91684
91685
91694
91710
91712
91723
91735
91750
91755
91764
91778
91783
91788
91792
91807
91814
91816
91830
91842
91847
91854
91861
91875
91880
91884
91890
91902
91903
91912
91933
91949
91951
91957
91958
91963
91987
92015
92022
92023
92045
92050
92059
92061
92070
92084
92085
92086
92130
92140
92142
92148
92150
92152
92153
92163
92166
92172
92181
92204
92207
92210
92216
92231
92233
92250
92255
92273
92282
92297
92298
92308
92309
92311
92324
92340
92344
92345
92371
92374
92379
92382
92385
92392
92406
92433
92471
92488
92491
92504
92509
92518
92522
92529
92531
92532
92543
92553
92558
92561
92578
92589
92604
92612
92619
92625
92630
92636
92641
92692
92708
92711
92716
92718
92726
92727
92731
92745
92746
92747
92753
92772
92786
92795
92796
92799
92800
92827
92838
92839
92842
92861
92875
92895
92900
92917
92922
92936
92939
92945
92970
92982
92992
93005
93018
93033
93038
93039
93042
93070
93085
93090
93096
93101
93119
93140
93141
93146
93189
93194
93197
93213
93215
93217
93235
93247
93252
93261
93262
93283
93296
93300
93310
93316
93321
93326
93331
93355
93371
93377
93380
93410
93412
93416
93437
93443
93453
93477
93503
93522
93538
93565
93572
93582
93595
93598
93606
93623
93626
93638
93645
93657
93660
93662
93668
93671
93673
93676
93692
93699
93702
93715
93725
93735
93777
93778
93782
93783
93794
93805
93809
93817
93820
93836
93838
93840
93844
93847
93856
93858
93872
93876
93879
93885
93893
93901
93912
93919
93950
93952
93954
93957
93958
93961
93968
93969
93970
93975
93985
93992
94011
94023
94036
94050
94056
94071
94086
94088
94097
94099
94105
94109
94117
94130
94143
94152
94153
94177
94191
94194
94217
94219
94231
94268
94306
94312
94318
94321
94327
94338
94340
94349
94368
94369
94371
94375
94381
94388
94403
94427
94428
94441
94446
94454
94458
94475
94479
94488
94504
94510
94512
94516
94526
94527
94530
94577
94579
94589
94591
94592
94594
94615
94622
94636
94637
94640
94646
94649
94652
94660
94663
94678
94687
94689
94691
94703
94727
94740
94746
94753
94781
94793
94795
94799
94800
94806
94822
94830
94844
94846
94852
94860
94868
94881
94894
94911
94925
94926
94929
94930
94942
94963
94965
94967
94968
94972
94990
95005
95006
95055
95066
95079
95090
95096
95113
95133
95137
95141
95143
95144
95158
95169
95177
95185
95186
95196
95204
95221
95225
95245
95246
95249
95265
95274
95277
95282
95284
95286
95287
95304
95313
95315
95320
95333
95336
95343
95350
95353
95357
95369
95381
95393
95401
95411
95422
95424
95431
95441
95462
95465
95469
95472
95475
95489
95528
95532
95586
95603
95604
95610
95645
95671
95672
95676
95687
95694
95710
95719
95731
95741
95751
95756
95779
95792
95796
95805
95806
95813
95817
95826
95855
95871
95880
95892
95899
95924
95926
95937
95939
95945
95952
95975
95986
95994
96005
96028
96053
96055
96062
96069
96072
96082
96096
96101
96107
96123
96125
96147
96167
96180
96187
96189
96190
96231
96236
96239
96249
96253
96257
96273
96296
96297
96314
96321
96322
96324
96345
96358
96365
96405
96414
96425
96426
96435
96474
96480
96487
96500
96504
96511
96513
96515
96522
96527
96530
96532
96535
96536
96555
96560
96572
96585
96592
96600
96604
96613
96620
96631
96632
96642
96661
96670
96671
96684
96685
96709
96710
96719
96722
96723
96731
96733
96737
96738
96745
96747
96751
96762
96764
96770
96774
96775
96783
96791
96816
96818
96826
96833
96837
96841
96855
96864
96865
96866
96882
96900
96909
96921
96942
96944
96948
96953
96954
96964
96967
96973
96982
96988
96999
97001
97010
97014
97019
97042
97056
97059
97070
97077
97097
97098
97105
97109
97111
97120
97121
97123
97126
97130
97136
97139
97140
97148
97149
97154
97159
97162
97170
97178
97214
97222
97233
97238
97241
97290
97315
97321
97356
97357
97376
97380
97381
97382
97394
97396
97409
97422
97447
97464
97471
97472
97496
97503
97521
97523
97526
97528
97533
97535
97543
97560
97580
97584
97587
97589
97599
97613
97616
97630
97632
97635
97642
97664
97685
97692
97693
97709
97713
97725
97739
97754
97755
97767
97780
97788
97795
97801
97811
97812
97831
97836
97864
97865
97903
97909
97913
97922
97947
97959
97975
98044
98046
98047
98051
98064
98071
98077
98093
98125
98153
98154
98190
98202
98207
98231
98233
98235
98252
98254
98260
98264
98267
98280
98281
98308
98312
98317
98328
98340
98362
98423
98426
98433
98441
98457
98467
98470
98471
98472
98473
98483
98489
98492
98496
98501
98502
98513
98515
98530
98535
98553
98558
98569
98577
98599
98601
98613
98628
98632
98692
98695
98706
98715
98717
98742
98751
98754
98755
98758
98762
98766
98822
98826
98828
98848
98861
98862
98865
98869
98905
98917
98926
98935
98945
98962
98978
98981
98993
99000
99003
99012
99024
99030
99038
99055
99057
99070
99087
99102
99112
99113
99124
99126
99129
99130
99144
99151
99156
99161
99162
99194
99201
99202
99217
99222
99229
99232
99252
99253
99265
99273
99296
99303
99314
99318
99325
99328
99337
99338
99340
99347
99358
99367
99369
99385
99395
99408
99426
99448
99451
99453
99460
99463
99464
99470
99492
99508
99522
99533
99545
99547
99550
99560
99572
99574
99575
99583
99612
99619
99641
99645
99647
99664
99674
99712
99718
99719
99735
99753
99756
99786
99804
99859
99886
99890
99900
99919
99924
99927
99941
99950
99975
99980
99989